train_mse_loss,train_inter_physics_loss,train_loss,valid_mse_loss,valid_inter_physics_loss,valid_loss,epoch,train_seconds,valid_seconds,checkpoint_seconds,total_seconds
1.54e-03,8.50e+05,1.63e-03,1.60e-03,8.54e+05,-6.44e+00,8,7.84e+00,2.54e-01,1.65e-01,8.26e+00
1.50e-03,7.55e+05,1.58e-03,1.60e-03,8.27e+05,-6.44e+00,9,5.38e+00,2.51e-01,5.04e-02,5.68e+00
1.48e-03,7.15e+05,1.56e-03,1.63e-03,7.86e+05,-6.42e+00,10,5.45e+00,2.43e-01,6.72e-01,6.37e+00
1.45e-03,6.66e+05,1.51e-03,1.60e-03,7.15e+05,-6.45e+00,11,6.05e+00,2.63e-01,4.97e-02,6.37e+00
1.41e-03,6.32e+05,1.47e-03,1.55e-03,6.93e+05,-6.47e+00,12,6.43e+00,3.09e-01,1.22e-01,6.87e+00
1.38e-03,6.10e+05,1.44e-03,1.52e-03,6.66e+05,-6.49e+00,13,5.45e+00,2.53e-01,4.72e-02,5.75e+00
1.36e-03,5.82e+05,1.42e-03,1.51e-03,6.29e+05,-6.50e+00,14,5.43e+00,2.59e-01,4.70e-02,5.74e+00
1.34e-03,5.55e+05,1.39e-03,1.46e-03,5.92e+05,-6.54e+00,15,5.44e+00,2.64e-01,4.80e-02,5.75e+00
1.31e-03,5.42e+05,1.36e-03,1.41e-03,5.79e+05,-6.57e+00,16,5.41e+00,2.54e-01,4.82e-02,5.71e+00
1.30e-03,5.28e+05,1.35e-03,1.45e-03,5.83e+05,-6.54e+00,17,5.48e+00,2.53e-01,4.01e-02,5.77e+00
1.28e-03,5.13e+05,1.33e-03,1.46e-03,5.82e+05,-6.54e+00,18,5.39e+00,2.66e-01,4.11e-02,5.70e+00
1.27e-03,5.06e+05,1.32e-03,1.46e-03,5.92e+05,-6.54e+00,19,5.41e+00,2.57e-01,3.96e-02,5.71e+00
1.26e-03,4.89e+05,1.31e-03,1.42e-03,5.53e+05,-6.56e+00,20,5.36e+00,2.19e-01,3.74e-02,5.62e+00
1.24e-03,4.78e+05,1.29e-03,1.38e-03,5.43e+05,-6.59e+00,21,5.14e+00,2.63e-01,4.81e-02,5.45e+00
1.23e-03,4.66e+05,1.28e-03,1.33e-03,5.20e+05,-6.62e+00,22,5.39e+00,2.46e-01,4.55e-02,5.68e+00
1.21e-03,4.53e+05,1.26e-03,1.28e-03,4.86e+05,-6.67e+00,23,5.36e+00,2.52e-01,4.59e-02,5.66e+00
1.19e-03,4.40e+05,1.24e-03,1.24e-03,4.67e+05,-6.69e+00,24,5.36e+00,2.51e-01,4.58e-02,5.65e+00
1.18e-03,4.26e+05,1.22e-03,1.22e-03,4.76e+05,-6.71e+00,25,5.40e+00,2.49e-01,4.75e-02,5.69e+00
1.16e-03,4.16e+05,1.21e-03,1.19e-03,4.43e+05,-6.74e+00,26,5.38e+00,2.61e-01,4.80e-02,5.69e+00
1.15e-03,4.11e+05,1.19e-03,1.12e-03,4.41e+05,-6.80e+00,27,5.35e+00,2.58e-01,4.69e-02,5.65e+00
1.15e-03,4.05e+05,1.19e-03,1.07e-03,4.26e+05,-6.84e+00,28,5.04e+00,2.18e-01,4.25e-02,5.30e+00
1.15e-03,4.04e+05,1.19e-03,1.07e-03,4.29e+05,-6.84e+00,29,4.79e+00,2.60e-01,4.86e-02,5.10e+00
1.13e-03,3.93e+05,1.17e-03,1.08e-03,4.34e+05,-6.83e+00,30,5.37e+00,2.47e-01,4.22e-02,5.66e+00
1.09e-03,3.80e+05,1.13e-03,1.05e-03,4.16e+05,-6.86e+00,31,5.40e+00,2.69e-01,4.91e-02,5.72e+00
1.08e-03,3.75e+05,1.12e-03,1.05e-03,4.29e+05,-6.86e+00,32,5.42e+00,2.40e-01,4.58e-02,5.70e+00
1.07e-03,3.66e+05,1.10e-03,1.06e-03,4.16e+05,-6.85e+00,33,5.37e+00,2.46e-01,3.95e-02,5.66e+00
1.06e-03,3.64e+05,1.10e-03,1.06e-03,4.17e+05,-6.86e+00,34,5.43e+00,2.63e-01,4.07e-02,5.73e+00
1.04e-03,3.53e+05,1.07e-03,9.99e-04,3.88e+05,-6.91e+00,35,5.38e+00,2.57e-01,4.85e-02,5.69e+00
1.02e-03,3.50e+05,1.06e-03,9.91e-04,3.64e+05,-6.92e+00,36,5.44e+00,2.55e-01,4.77e-02,5.74e+00
1.01e-03,3.42e+05,1.05e-03,9.90e-04,3.56e+05,-6.92e+00,37,5.39e+00,2.62e-01,4.81e-02,5.70e+00
1.00e-03,3.37e+05,1.04e-03,9.93e-04,3.56e+05,-6.92e+00,38,5.40e+00,2.52e-01,3.95e-02,5.69e+00
9.88e-04,3.26e+05,1.02e-03,1.00e-03,3.42e+05,-6.91e+00,39,5.37e+00,2.54e-01,3.82e-02,5.66e+00
9.76e-04,3.19e+05,1.01e-03,9.91e-04,3.29e+05,-6.92e+00,40,5.38e+00,2.49e-01,4.06e-02,5.67e+00
9.61e-04,3.11e+05,9.92e-04,9.78e-04,3.24e+05,-6.93e+00,41,5.41e+00,2.49e-01,4.79e-02,5.71e+00
9.53e-04,3.07e+05,9.84e-04,9.53e-04,3.15e+05,-6.96e+00,42,5.41e+00,2.57e-01,4.51e-02,5.71e+00
9.47e-04,3.02e+05,9.77e-04,9.39e-04,3.02e+05,-6.97e+00,43,5.40e+00,2.45e-01,4.72e-02,5.70e+00
9.33e-04,2.92e+05,9.62e-04,9.35e-04,2.99e+05,-6.98e+00,44,5.19e+00,2.55e-01,4.71e-02,5.50e+00
9.22e-04,2.87e+05,9.51e-04,9.26e-04,2.98e+05,-6.99e+00,45,5.39e+00,2.55e-01,4.73e-02,5.69e+00
9.13e-04,2.81e+05,9.41e-04,8.97e-04,2.88e+05,-7.02e+00,46,5.38e+00,2.59e-01,4.70e-02,5.69e+00
8.97e-04,2.76e+05,9.25e-04,8.72e-04,2.72e+05,-7.05e+00,47,5.41e+00,2.51e-01,4.60e-02,5.70e+00
8.88e-04,2.69e+05,9.15e-04,8.76e-04,2.72e+05,-7.04e+00,48,5.39e+00,2.52e-01,4.05e-02,5.68e+00
8.78e-04,2.66e+05,9.04e-04,8.60e-04,2.66e+05,-7.06e+00,49,5.33e+00,2.54e-01,4.55e-02,5.63e+00
8.66e-04,2.60e+05,8.92e-04,8.45e-04,2.63e+05,-7.08e+00,50,5.34e+00,2.67e-01,4.74e-02,5.66e+00
8.56e-04,2.55e+05,8.81e-04,8.41e-04,2.50e+05,-7.08e+00,51,5.29e+00,2.46e-01,4.56e-02,5.58e+00
8.41e-04,2.49e+05,8.66e-04,8.21e-04,2.49e+05,-7.11e+00,52,5.36e+00,2.55e-01,4.72e-02,5.66e+00
8.29e-04,2.44e+05,8.54e-04,8.08e-04,2.40e+05,-7.12e+00,53,5.37e+00,2.64e-01,4.76e-02,5.68e+00
8.23e-04,2.39e+05,8.47e-04,7.91e-04,2.32e+05,-7.14e+00,54,5.32e+00,2.45e-01,4.49e-02,5.61e+00
8.11e-04,2.34e+05,8.35e-04,7.79e-04,2.26e+05,-7.16e+00,55,5.40e+00,2.44e-01,4.55e-02,5.69e+00
8.03e-04,2.30e+05,8.26e-04,7.87e-04,2.32e+05,-7.15e+00,56,5.14e+00,2.24e-01,3.52e-02,5.40e+00
8.01e-04,2.28e+05,8.24e-04,7.76e-04,2.30e+05,-7.16e+00,57,4.80e+00,2.14e-01,4.18e-02,5.06e+00
7.92e-04,2.22e+05,8.14e-04,7.68e-04,2.23e+05,-7.17e+00,58,4.73e+00,2.49e-01,4.65e-02,5.03e+00
7.86e-04,2.19e+05,8.08e-04,7.59e-04,2.23e+05,-7.19e+00,59,5.26e+00,2.53e-01,4.50e-02,5.55e+00
7.80e-04,2.16e+05,8.02e-04,7.61e-04,2.20e+05,-7.18e+00,60,5.26e+00,2.48e-01,4.00e-02,5.54e+00
7.76e-04,2.14e+05,7.97e-04,7.55e-04,2.16e+05,-7.19e+00,61,5.39e+00,2.45e-01,4.35e-02,5.68e+00
7.69e-04,2.12e+05,7.90e-04,7.51e-04,2.11e+05,-7.20e+00,62,5.34e+00,2.54e-01,4.31e-02,5.63e+00
7.69e-04,2.12e+05,7.90e-04,7.46e-04,2.11e+05,-7.20e+00,63,5.43e+00,2.65e-01,4.84e-02,5.74e+00
7.64e-04,2.07e+05,7.84e-04,7.38e-04,2.10e+05,-7.21e+00,64,5.43e+00,2.57e-01,4.81e-02,5.73e+00
7.61e-04,2.08e+05,7.82e-04,7.46e-04,1.91e+05,-7.20e+00,65,5.42e+00,2.39e-01,3.92e-02,5.70e+00
7.57e-04,2.05e+05,7.77e-04,7.38e-04,1.88e+05,-7.21e+00,66,5.50e+00,2.65e-01,4.04e-02,5.80e+00
7.53e-04,2.03e+05,7.73e-04,7.46e-04,1.95e+05,-7.20e+00,67,5.53e+00,2.53e-01,3.88e-02,5.83e+00
7.49e-04,2.00e+05,7.69e-04,7.53e-04,1.88e+05,-7.19e+00,68,5.48e+00,2.52e-01,3.92e-02,5.78e+00
7.49e-04,1.98e+05,7.69e-04,7.66e-04,1.84e+05,-7.18e+00,69,5.35e+00,2.55e-01,3.72e-02,5.65e+00
7.44e-04,2.00e+05,7.64e-04,7.79e-04,1.96e+05,-7.16e+00,70,5.39e+00,2.51e-01,3.95e-02,5.68e+00
7.42e-04,1.99e+05,7.61e-04,7.83e-04,1.94e+05,-7.15e+00,71,5.28e+00,2.35e-01,3.82e-02,5.55e+00
7.38e-04,1.99e+05,7.58e-04,7.90e-04,2.00e+05,-7.15e+00,72,5.22e+00,2.43e-01,3.81e-02,5.50e+00
7.34e-04,1.98e+05,7.54e-04,7.94e-04,1.98e+05,-7.14e+00,73,5.18e+00,2.42e-01,3.79e-02,5.46e+00
7.32e-04,1.93e+05,7.51e-04,8.01e-04,1.89e+05,-7.13e+00,74,5.12e+00,2.43e-01,3.86e-02,5.40e+00
7.30e-04,1.95e+05,7.49e-04,7.96e-04,1.92e+05,-7.14e+00,75,5.19e+00,2.43e-01,4.28e-02,5.48e+00
