train_mse_loss,train_inter_physics_loss,train_loss,valid_mse_loss,valid_inter_physics_loss,valid_loss,epoch,train_seconds,valid_seconds,checkpoint_seconds,total_seconds
4.79e-02,1.54e+08,4.79e-02,3.65e-03,7.33e+06,-5.62e+00,0,2.96e+00,1.39e-01,2.72e-02,3.12e+00
3.12e-03,4.74e+06,3.12e-03,2.20e-03,2.92e+06,-6.13e+00,1,2.88e+00,1.39e-01,3.00e-02,3.05e+00
2.08e-03,2.42e+06,2.08e-03,1.52e-03,1.81e+06,-6.49e+00,2,2.88e+00,1.39e-01,2.96e-02,3.05e+00
1.60e-03,1.66e+06,1.60e-03,1.46e-03,1.37e+06,-6.53e+00,3,2.88e+00,1.39e-01,2.98e-02,3.05e+00
1.39e-03,1.28e+06,1.39e-03,1.22e-03,1.12e+06,-6.71e+00,4,2.88e+00,1.39e-01,2.99e-02,3.05e+00
1.26e-03,1.07e+06,1.26e-03,1.11e-03,9.46e+05,-6.81e+00,5,2.89e+00,1.39e-01,2.99e-02,3.06e+00
1.16e-03,9.21e+05,1.16e-03,1.07e-03,8.90e+05,-6.84e+00,6,2.88e+00,1.39e-01,2.96e-02,3.05e+00
1.10e-03,8.09e+05,1.10e-03,1.08e-03,7.62e+05,-6.83e+00,7,2.88e+00,1.39e-01,2.50e-02,3.05e+00
1.06e-03,7.35e+05,1.06e-03,1.06e-03,6.52e+05,-6.85e+00,8,2.88e+00,1.41e-01,3.02e-02,3.05e+00
1.03e-03,6.69e+05,1.03e-03,1.03e-03,6.03e+05,-6.88e+00,9,2.89e+00,1.39e-01,3.00e-02,3.06e+00
1.01e-03,6.19e+05,1.01e-03,9.99e-04,5.98e+05,-6.91e+00,10,2.88e+00,1.39e-01,3.05e-02,3.05e+00
9.83e-04,5.81e+05,9.83e-04,9.65e-04,5.81e+05,-6.95e+00,11,2.88e+00,1.40e-01,3.01e-02,3.05e+00
9.59e-04,5.49e+05,9.59e-04,9.59e-04,5.77e+05,-6.95e+00,12,2.89e+00,1.43e-01,3.01e-02,3.06e+00
9.38e-04,5.24e+05,9.38e-04,9.43e-04,5.84e+05,-6.97e+00,13,2.90e+00,1.40e-01,3.02e-02,3.07e+00
9.24e-04,5.14e+05,9.24e-04,9.25e-04,5.66e+05,-6.99e+00,14,2.89e+00,1.41e-01,3.01e-02,3.06e+00
9.05e-04,4.83e+05,9.05e-04,9.05e-04,5.38e+05,-7.01e+00,15,2.90e+00,1.39e-01,2.98e-02,3.07e+00
8.90e-04,4.75e+05,8.90e-04,8.74e-04,5.05e+05,-7.04e+00,16,2.88e+00,1.39e-01,3.00e-02,3.05e+00
8.74e-04,4.55e+05,8.74e-04,8.64e-04,4.73e+05,-7.06e+00,17,2.88e+00,1.39e-01,2.97e-02,3.05e+00
8.59e-04,4.41e+05,8.59e-04,8.40e-04,4.57e+05,-7.08e+00,18,2.89e+00,1.39e-01,3.00e-02,3.05e+00
8.46e-04,4.28e+05,8.46e-04,8.12e-04,4.33e+05,-7.12e+00,19,2.88e+00,1.39e-01,2.99e-02,3.05e+00
8.36e-04,4.18e+05,8.36e-04,7.98e-04,4.21e+05,-7.13e+00,20,2.88e+00,1.39e-01,3.05e-02,3.05e+00
8.23e-04,4.09e+05,8.23e-04,7.85e-04,4.05e+05,-7.15e+00,21,2.88e+00,1.39e-01,2.98e-02,3.05e+00
8.16e-04,3.92e+05,8.16e-04,7.79e-04,3.85e+05,-7.16e+00,22,2.88e+00,1.39e-01,3.00e-02,3.05e+00
8.05e-04,3.82e+05,8.05e-04,7.71e-04,3.75e+05,-7.17e+00,23,2.89e+00,1.39e-01,2.97e-02,3.06e+00
7.95e-04,3.77e+05,7.95e-04,7.69e-04,3.71e+05,-7.17e+00,24,2.88e+00,1.39e-01,2.98e-02,3.05e+00
7.85e-04,3.61e+05,7.85e-04,7.48e-04,3.45e+05,-7.20e+00,25,2.89e+00,1.40e-01,4.39e-02,3.08e+00
7.70e-04,3.53e+05,7.70e-04,7.36e-04,3.30e+05,-7.22e+00,26,2.89e+00,1.39e-01,2.96e-02,3.06e+00
7.64e-04,3.43e+05,7.64e-04,7.30e-04,3.26e+05,-7.22e+00,27,2.89e+00,1.39e-01,4.75e-02,3.07e+00
7.56e-04,3.34e+05,7.56e-04,7.17e-04,3.20e+05,-7.24e+00,28,2.89e+00,1.39e-01,3.92e-02,3.07e+00
7.49e-04,3.28e+05,7.49e-04,7.09e-04,3.15e+05,-7.25e+00,29,2.88e+00,1.39e-01,3.88e-02,3.06e+00
7.44e-04,3.20e+05,7.44e-04,7.05e-04,3.14e+05,-7.26e+00,30,2.88e+00,1.39e-01,3.92e-02,3.06e+00
7.37e-04,3.16e+05,7.37e-04,7.06e-04,3.14e+05,-7.26e+00,31,2.89e+00,1.39e-01,3.28e-02,3.06e+00
7.32e-04,3.09e+05,7.32e-04,7.02e-04,3.07e+05,-7.26e+00,32,2.90e+00,1.39e-01,3.88e-02,3.08e+00
7.27e-04,3.02e+05,7.27e-04,6.96e-04,2.94e+05,-7.27e+00,33,2.88e+00,1.39e-01,4.69e-02,3.07e+00
7.24e-04,2.97e+05,7.24e-04,7.00e-04,2.98e+05,-7.27e+00,34,2.89e+00,1.44e-01,3.41e-02,3.07e+00
7.18e-04,2.95e+05,7.18e-04,6.96e-04,2.75e+05,-7.27e+00,35,2.90e+00,1.39e-01,3.00e-02,3.07e+00
7.12e-04,2.87e+05,7.12e-04,7.00e-04,2.74e+05,-7.27e+00,36,2.88e+00,1.39e-01,2.49e-02,3.05e+00
7.12e-04,2.86e+05,7.12e-04,7.02e-04,2.70e+05,-7.26e+00,37,2.88e+00,1.39e-01,2.50e-02,3.05e+00
7.04e-04,2.79e+05,7.04e-04,7.02e-04,2.62e+05,-7.26e+00,38,2.88e+00,1.39e-01,2.49e-02,3.05e+00
7.03e-04,2.73e+05,7.03e-04,6.99e-04,2.59e+05,-7.27e+00,39,2.89e+00,1.39e-01,2.51e-02,3.05e+00
6.99e-04,2.68e+05,6.99e-04,6.90e-04,2.44e+05,-7.28e+00,40,2.88e+00,1.39e-01,3.02e-02,3.05e+00
7.01e-04,2.70e+05,7.01e-04,6.96e-04,2.34e+05,-7.27e+00,41,2.88e+00,1.39e-01,2.50e-02,3.05e+00
6.99e-04,2.69e+05,6.99e-04,6.88e-04,2.36e+05,-7.28e+00,42,2.88e+00,1.39e-01,2.98e-02,3.05e+00
6.98e-04,2.64e+05,6.98e-04,6.70e-04,2.23e+05,-7.31e+00,43,2.88e+00,1.39e-01,2.98e-02,3.05e+00
6.95e-04,2.62e+05,6.95e-04,6.91e-04,2.20e+05,-7.28e+00,44,2.89e+00,1.39e-01,2.50e-02,3.06e+00
6.94e-04,2.56e+05,6.94e-04,6.83e-04,2.31e+05,-7.29e+00,45,2.88e+00,1.39e-01,2.52e-02,3.05e+00
6.77e-04,2.53e+05,6.77e-04,6.94e-04,2.38e+05,-7.28e+00,46,2.88e+00,1.39e-01,2.48e-02,3.05e+00
6.67e-04,2.48e+05,6.67e-04,6.88e-04,2.39e+05,-7.28e+00,47,2.88e+00,1.39e-01,2.47e-02,3.05e+00
6.61e-04,2.42e+05,6.61e-04,6.76e-04,2.39e+05,-7.30e+00,48,2.89e+00,1.39e-01,2.49e-02,3.05e+00
6.53e-04,2.39e+05,6.53e-04,6.53e-04,2.40e+05,-7.34e+00,49,2.88e+00,1.39e-01,2.96e-02,3.05e+00
6.47e-04,2.36e+05,6.47e-04,6.42e-04,2.14e+05,-7.35e+00,50,2.89e+00,1.39e-01,3.02e-02,3.06e+00
6.45e-04,2.33e+05,6.45e-04,6.45e-04,2.09e+05,-7.35e+00,51,2.89e+00,1.51e-01,2.85e-02,3.07e+00
6.41e-04,2.29e+05,6.41e-04,6.43e-04,2.06e+05,-7.35e+00,52,3.97e+00,1.78e-01,3.53e-02,4.19e+00
6.43e-04,2.27e+05,6.43e-04,6.43e-04,2.03e+05,-7.35e+00,53,3.84e+00,1.79e-01,3.50e-02,4.06e+00
6.40e-04,2.27e+05,6.40e-04,6.40e-04,2.07e+05,-7.36e+00,54,3.83e+00,1.79e-01,4.09e-02,4.05e+00
6.41e-04,2.27e+05,6.41e-04,6.38e-04,2.08e+05,-7.36e+00,55,4.04e+00,1.95e-01,4.95e-02,4.29e+00
6.42e-04,2.25e+05,6.42e-04,6.41e-04,1.99e+05,-7.35e+00,56,4.18e+00,1.93e-01,4.28e-02,4.41e+00
6.47e-04,2.27e+05,6.47e-04,6.29e-04,2.11e+05,-7.37e+00,57,4.17e+00,1.95e-01,5.00e-02,4.41e+00
6.53e-04,2.29e+05,6.53e-04,6.44e-04,2.27e+05,-7.35e+00,58,4.18e+00,1.95e-01,4.12e-02,4.41e+00
6.70e-04,2.36e+05,6.70e-04,6.92e-04,2.67e+05,-7.28e+00,59,4.17e+00,1.95e-01,4.20e-02,4.41e+00
6.64e-04,2.27e+05,6.64e-04,6.91e-04,2.85e+05,-7.28e+00,60,4.18e+00,1.93e-01,4.21e-02,4.42e+00
6.53e-04,2.22e+05,6.53e-04,6.81e-04,2.72e+05,-7.29e+00,61,4.00e+00,1.78e-01,4.24e-02,4.22e+00
6.46e-04,2.18e+05,6.46e-04,6.81e-04,2.59e+05,-7.29e+00,62,3.84e+00,1.77e-01,4.29e-02,4.06e+00
6.42e-04,2.13e+05,6.42e-04,6.70e-04,2.42e+05,-7.31e+00,63,3.84e+00,1.79e-01,4.39e-02,4.07e+00
6.37e-04,2.10e+05,6.37e-04,6.64e-04,2.31e+05,-7.32e+00,64,3.84e+00,1.79e-01,3.54e-02,4.06e+00
6.40e-04,2.12e+05,6.40e-04,6.67e-04,2.30e+05,-7.31e+00,65,4.00e+00,1.94e-01,3.29e-02,4.22e+00
6.35e-04,2.09e+05,6.35e-04,6.69e-04,2.18e+05,-7.31e+00,66,4.16e+00,1.93e-01,3.40e-02,4.39e+00
6.37e-04,2.11e+05,6.37e-04,6.87e-04,2.22e+05,-7.29e+00,67,4.18e+00,2.03e-01,3.35e-02,4.41e+00
6.35e-04,2.10e+05,6.35e-04,6.91e-04,2.09e+05,-7.28e+00,68,4.06e+00,1.79e-01,3.53e-02,4.27e+00
6.29e-04,2.09e+05,6.29e-04,6.93e-04,2.00e+05,-7.28e+00,69,3.84e+00,1.77e-01,3.49e-02,4.05e+00
6.26e-04,2.07e+05,6.26e-04,6.93e-04,2.02e+05,-7.28e+00,70,3.83e+00,1.79e-01,3.56e-02,4.04e+00
6.21e-04,2.05e+05,6.21e-04,6.89e-04,1.96e+05,-7.28e+00,71,3.84e+00,1.79e-01,3.45e-02,4.06e+00
6.19e-04,2.02e+05,6.19e-04,6.85e-04,1.87e+05,-7.29e+00,72,3.84e+00,1.73e-01,3.62e-02,4.05e+00
6.15e-04,2.01e+05,6.15e-04,6.80e-04,1.90e+05,-7.30e+00,73,3.86e+00,1.77e-01,3.51e-02,4.07e+00
6.12e-04,2.00e+05,6.12e-04,6.83e-04,1.87e+05,-7.29e+00,74,3.38e+00,1.55e-01,3.26e-02,3.57e+00
