train_mse_loss,train_inter_physics_loss,train_loss,valid_mse_loss,valid_inter_physics_loss,valid_loss,epoch,train_seconds,valid_seconds,checkpoint_seconds,total_seconds
1.99e-03,1.18e+06,2.11e-03,1.90e-03,1.07e+06,-6.27e+00,8,3.90e+00,1.94e-01,3.57e-02,4.13e+00
1.92e-03,1.05e+06,2.02e-03,1.89e-03,1.02e+06,-6.28e+00,9,3.90e+00,1.94e-01,4.84e-02,4.14e+00
1.84e-03,9.79e+05,1.94e-03,1.86e-03,9.16e+05,-6.30e+00,10,3.90e+00,1.94e-01,4.88e-02,4.14e+00
1.77e-03,9.17e+05,1.86e-03,1.82e-03,8.73e+05,-6.31e+00,11,3.91e+00,1.94e-01,4.83e-02,4.15e+00
1.72e-03,8.87e+05,1.80e-03,1.78e-03,8.73e+05,-6.33e+00,12,3.90e+00,1.95e-01,4.84e-02,4.14e+00
1.66e-03,8.29e+05,1.74e-03,1.74e-03,8.11e+05,-6.36e+00,13,3.90e+00,1.94e-01,4.78e-02,4.14e+00
1.61e-03,7.83e+05,1.69e-03,1.72e-03,7.86e+05,-6.37e+00,14,3.90e+00,1.94e-01,4.83e-02,4.14e+00
1.57e-03,7.56e+05,1.65e-03,1.73e-03,7.80e+05,-6.37e+00,15,3.90e+00,1.94e-01,4.25e-02,4.13e+00
1.54e-03,7.29e+05,1.61e-03,1.75e-03,7.79e+05,-6.35e+00,16,3.90e+00,1.94e-01,4.26e-02,4.14e+00
1.52e-03,7.05e+05,1.59e-03,1.69e-03,7.49e+05,-6.38e+00,17,3.90e+00,1.94e-01,4.86e-02,4.14e+00
1.50e-03,6.93e+05,1.56e-03,1.68e-03,7.42e+05,-6.40e+00,18,3.91e+00,1.94e-01,4.05e-02,4.14e+00
1.47e-03,6.68e+05,1.53e-03,1.60e-03,6.90e+05,-6.44e+00,19,3.90e+00,1.94e-01,4.87e-02,4.14e+00
1.44e-03,6.43e+05,1.50e-03,1.56e-03,6.67e+05,-6.47e+00,20,3.90e+00,1.94e-01,4.92e-02,4.15e+00
1.41e-03,6.26e+05,1.47e-03,1.49e-03,6.55e+05,-6.51e+00,21,4.21e+00,2.07e-01,6.14e-02,4.48e+00
1.38e-03,6.00e+05,1.44e-03,1.47e-03,6.21e+05,-6.52e+00,22,3.90e+00,1.94e-01,4.86e-02,4.14e+00
1.36e-03,5.81e+05,1.41e-03,1.44e-03,6.07e+05,-6.54e+00,23,3.90e+00,1.94e-01,4.89e-02,4.14e+00
1.33e-03,5.62e+05,1.39e-03,1.39e-03,5.81e+05,-6.58e+00,24,3.94e+00,2.00e-01,4.92e-02,4.19e+00
1.30e-03,5.48e+05,1.36e-03,1.36e-03,5.62e+05,-6.60e+00,25,3.92e+00,1.94e-01,4.86e-02,4.16e+00
1.28e-03,5.33e+05,1.33e-03,1.33e-03,5.53e+05,-6.63e+00,26,4.75e+00,1.99e-01,1.06e-01,5.05e+00
1.26e-03,5.15e+05,1.31e-03,1.30e-03,5.25e+05,-6.65e+00,27,3.90e+00,1.94e-01,4.85e-02,4.14e+00
1.24e-03,5.08e+05,1.29e-03,1.24e-03,5.19e+05,-6.70e+00,28,3.91e+00,1.94e-01,4.93e-02,4.15e+00
1.22e-03,4.90e+05,1.27e-03,1.22e-03,5.11e+05,-6.71e+00,29,3.90e+00,1.94e-01,4.06e-02,4.14e+00
1.20e-03,4.77e+05,1.25e-03,1.17e-03,5.01e+05,-6.75e+00,30,3.90e+00,1.94e-01,4.11e-02,4.14e+00
1.18e-03,4.66e+05,1.22e-03,1.14e-03,4.93e+05,-6.78e+00,31,3.90e+00,1.94e-01,4.87e-02,4.14e+00
1.16e-03,4.57e+05,1.20e-03,1.09e-03,4.69e+05,-6.82e+00,32,3.91e+00,1.95e-01,4.83e-02,4.15e+00
1.15e-03,4.52e+05,1.20e-03,1.08e-03,4.47e+05,-6.84e+00,33,3.90e+00,1.94e-01,4.81e-02,4.14e+00
1.13e-03,4.42e+05,1.18e-03,1.07e-03,4.27e+05,-6.84e+00,34,3.89e+00,1.94e-01,4.88e-02,4.14e+00
1.11e-03,4.28e+05,1.15e-03,1.05e-03,4.17e+05,-6.86e+00,35,3.90e+00,1.94e-01,4.80e-02,4.14e+00
1.09e-03,4.22e+05,1.14e-03,1.04e-03,4.18e+05,-6.88e+00,36,4.33e+00,1.95e-01,1.61e-01,4.69e+00
1.08e-03,4.05e+05,1.12e-03,1.02e-03,3.81e+05,-6.89e+00,37,3.90e+00,1.94e-01,4.01e-02,4.13e+00
1.06e-03,3.93e+05,1.10e-03,1.00e-03,3.62e+05,-6.91e+00,38,3.89e+00,1.94e-01,3.96e-02,4.13e+00
1.05e-03,3.82e+05,1.09e-03,1.00e-03,3.56e+05,-6.91e+00,39,3.99e+00,1.94e-01,4.41e-02,4.22e+00
1.04e-03,3.73e+05,1.08e-03,9.89e-04,3.33e+05,-6.92e+00,40,3.90e+00,1.94e-01,4.80e-02,4.15e+00
1.03e-03,3.62e+05,1.07e-03,9.84e-04,3.44e+05,-6.93e+00,41,3.90e+00,1.94e-01,3.96e-02,4.14e+00
1.02e-03,3.52e+05,1.06e-03,9.73e-04,3.35e+05,-6.94e+00,42,3.90e+00,1.94e-01,3.99e-02,4.14e+00
1.02e-03,3.50e+05,1.06e-03,9.71e-04,3.37e+05,-6.94e+00,43,3.90e+00,1.94e-01,3.96e-02,4.13e+00
1.02e-03,3.44e+05,1.05e-03,9.63e-04,3.22e+05,-6.95e+00,44,3.89e+00,1.94e-01,3.98e-02,4.13e+00
1.01e-03,3.35e+05,1.04e-03,9.66e-04,3.25e+05,-6.95e+00,45,3.89e+00,1.94e-01,3.33e-02,4.12e+00
1.01e-03,3.29e+05,1.04e-03,9.70e-04,3.18e+05,-6.94e+00,46,3.90e+00,1.94e-01,3.30e-02,4.13e+00
1.00e-03,3.20e+05,1.03e-03,9.69e-04,3.05e+05,-6.94e+00,47,3.91e+00,1.94e-01,3.31e-02,4.13e+00
9.93e-04,3.14e+05,1.02e-03,9.76e-04,2.96e+05,-6.94e+00,48,3.90e+00,1.94e-01,3.31e-02,4.13e+00
9.83e-04,3.10e+05,1.01e-03,9.80e-04,3.01e+05,-6.93e+00,49,3.90e+00,1.94e-01,3.32e-02,4.12e+00
9.74e-04,3.02e+05,1.00e-03,9.81e-04,2.88e+05,-6.93e+00,50,3.90e+00,1.94e-01,3.42e-02,4.13e+00
9.64e-04,2.97e+05,9.94e-04,9.86e-04,2.89e+05,-6.92e+00,51,3.90e+00,1.94e-01,3.32e-02,4.13e+00
9.60e-04,2.94e+05,9.89e-04,9.97e-04,2.92e+05,-6.91e+00,52,3.90e+00,1.94e-01,3.33e-02,4.13e+00
9.57e-04,2.91e+05,9.86e-04,9.93e-04,2.97e+05,-6.92e+00,53,3.90e+00,1.94e-01,3.32e-02,4.13e+00
9.51e-04,2.84e+05,9.79e-04,9.91e-04,2.94e+05,-6.92e+00,54,3.91e+00,1.94e-01,3.34e-02,4.14e+00
9.44e-04,2.79e+05,9.72e-04,9.99e-04,2.99e+05,-6.91e+00,55,3.90e+00,1.94e-01,3.89e-02,4.13e+00
