train_mse_loss,train_inter_physics_loss,train_loss,valid_mse_loss,valid_inter_physics_loss,valid_loss,epoch,train_seconds,valid_seconds,checkpoint_seconds,total_seconds
1.03e-01,3.08e+08,1.03e-01,1.05e-02,1.63e+07,-4.56e+00,0,2.47e+00,1.24e-01,2.62e-02,2.62e+00
6.08e-03,9.09e+06,6.08e-03,3.99e-03,4.60e+06,-5.53e+00,1,2.44e+00,1.21e-01,2.82e-02,2.59e+00
3.60e-03,3.35e+06,3.60e-03,3.21e-03,2.46e+06,-5.75e+00,2,2.44e+00,1.23e-01,2.89e-02,2.60e+00
3.07e-03,2.25e+06,3.07e-03,2.68e-03,1.90e+06,-5.93e+00,3,2.45e+00,1.23e-01,2.82e-02,2.60e+00
2.72e-03,1.88e+06,2.72e-03,2.30e-03,1.67e+06,-6.08e+00,4,2.45e+00,1.22e-01,2.86e-02,2.60e+00
2.45e-03,1.71e+06,2.45e-03,2.14e-03,1.56e+06,-6.16e+00,5,2.46e+00,1.21e-01,2.74e-02,2.60e+00
2.26e-03,1.55e+06,2.26e-03,2.03e-03,1.39e+06,-6.21e+00,6,2.43e+00,1.21e-01,2.88e-02,2.58e+00
2.13e-03,1.41e+06,2.13e-03,1.94e-03,1.27e+06,-6.25e+00,7,2.45e+00,1.23e-01,2.88e-02,2.60e+00
2.05e-03,1.30e+06,2.05e-03,1.86e-03,1.19e+06,-6.30e+00,8,2.43e+00,1.22e-01,2.72e-02,2.58e+00
1.97e-03,1.22e+06,1.97e-03,1.82e-03,1.10e+06,-6.32e+00,9,2.43e+00,1.22e-01,2.72e-02,2.58e+00
1.93e-03,1.12e+06,1.93e-03,1.80e-03,1.07e+06,-6.33e+00,10,2.44e+00,1.21e-01,2.84e-02,2.59e+00
1.88e-03,1.06e+06,1.88e-03,1.77e-03,1.00e+06,-6.35e+00,11,2.43e+00,1.22e-01,2.85e-02,2.58e+00
1.84e-03,9.97e+05,1.84e-03,1.76e-03,9.58e+05,-6.35e+00,12,2.46e+00,1.21e-01,2.88e-02,2.61e+00
1.83e-03,9.61e+05,1.83e-03,1.78e-03,9.05e+05,-6.34e+00,13,2.46e+00,1.21e-01,2.24e-02,2.60e+00
1.81e-03,9.08e+05,1.81e-03,1.75e-03,8.75e+05,-6.36e+00,14,2.44e+00,1.22e-01,2.82e-02,2.59e+00
1.79e-03,8.81e+05,1.79e-03,1.72e-03,8.20e+05,-6.37e+00,15,2.46e+00,1.22e-01,2.88e-02,2.61e+00
1.77e-03,8.34e+05,1.77e-03,1.72e-03,8.18e+05,-6.37e+00,16,2.45e+00,1.22e-01,2.88e-02,2.60e+00
1.75e-03,8.19e+05,1.75e-03,1.76e-03,8.04e+05,-6.35e+00,17,2.46e+00,1.22e-01,2.37e-02,2.60e+00
1.73e-03,7.86e+05,1.73e-03,1.70e-03,7.95e+05,-6.39e+00,18,2.48e+00,1.23e-01,2.88e-02,2.63e+00
1.71e-03,7.60e+05,1.71e-03,1.63e-03,7.39e+05,-6.43e+00,19,2.45e+00,1.26e-01,2.80e-02,2.61e+00
1.69e-03,7.41e+05,1.69e-03,1.67e-03,7.28e+05,-6.40e+00,20,2.46e+00,1.22e-01,2.29e-02,2.61e+00
1.68e-03,7.16e+05,1.68e-03,1.66e-03,7.20e+05,-6.41e+00,21,2.47e+00,1.21e-01,2.37e-02,2.62e+00
1.67e-03,6.95e+05,1.67e-03,1.65e-03,6.88e+05,-6.42e+00,22,2.47e+00,1.25e-01,2.22e-02,2.62e+00
1.65e-03,6.78e+05,1.65e-03,1.66e-03,6.74e+05,-6.41e+00,23,3.74e+00,1.34e-01,9.25e-02,3.97e+00
1.64e-03,6.62e+05,1.64e-03,1.63e-03,6.64e+05,-6.43e+00,24,2.47e+00,1.23e-01,2.39e-02,2.62e+00
1.62e-03,6.42e+05,1.62e-03,1.62e-03,6.38e+05,-6.44e+00,25,2.44e+00,1.23e-01,2.76e-02,2.59e+00
1.60e-03,6.28e+05,1.60e-03,1.62e-03,6.14e+05,-6.43e+00,26,2.46e+00,1.23e-01,2.37e-02,2.61e+00
1.59e-03,6.12e+05,1.59e-03,1.65e-03,6.15e+05,-6.41e+00,27,2.48e+00,1.22e-01,2.22e-02,2.62e+00
1.58e-03,6.02e+05,1.58e-03,1.60e-03,5.93e+05,-6.44e+00,28,2.45e+00,1.24e-01,2.79e-02,2.61e+00
1.57e-03,5.87e+05,1.57e-03,1.62e-03,5.85e+05,-6.43e+00,29,2.45e+00,1.24e-01,2.30e-02,2.59e+00
1.55e-03,5.79e+05,1.55e-03,1.59e-03,5.85e+05,-6.45e+00,30,2.54e+00,1.23e-01,3.20e-02,2.70e+00
1.54e-03,5.60e+05,1.54e-03,1.55e-03,5.41e+05,-6.47e+00,31,2.46e+00,1.24e-01,2.91e-02,2.61e+00
1.53e-03,5.51e+05,1.53e-03,1.54e-03,5.43e+05,-6.48e+00,32,2.46e+00,1.22e-01,2.89e-02,2.61e+00
1.52e-03,5.49e+05,1.52e-03,1.57e-03,5.18e+05,-6.46e+00,33,2.46e+00,1.23e-01,2.36e-02,2.61e+00
1.51e-03,5.31e+05,1.51e-03,1.53e-03,5.23e+05,-6.49e+00,34,3.37e+00,1.26e-01,3.31e-02,3.53e+00
1.50e-03,5.27e+05,1.50e-03,1.50e-03,5.04e+05,-6.51e+00,35,2.45e+00,1.24e-01,2.87e-02,2.60e+00
1.49e-03,5.12e+05,1.49e-03,1.51e-03,4.69e+05,-6.51e+00,36,2.45e+00,1.24e-01,2.36e-02,2.59e+00
1.49e-03,5.04e+05,1.49e-03,1.48e-03,4.63e+05,-6.52e+00,37,2.46e+00,1.25e-01,2.81e-02,2.61e+00
1.50e-03,5.08e+05,1.50e-03,1.42e-03,4.90e+05,-6.57e+00,38,2.47e+00,1.24e-01,2.78e-02,2.62e+00
1.50e-03,4.95e+05,1.50e-03,1.42e-03,4.87e+05,-6.57e+00,39,2.46e+00,1.23e-01,2.31e-02,2.60e+00
1.48e-03,4.81e+05,1.48e-03,1.45e-03,4.65e+05,-6.54e+00,40,2.44e+00,1.23e-01,2.37e-02,2.58e+00
1.46e-03,4.76e+05,1.46e-03,1.43e-03,4.65e+05,-6.56e+00,41,2.44e+00,1.22e-01,2.29e-02,2.58e+00
1.46e-03,4.64e+05,1.46e-03,1.43e-03,4.49e+05,-6.56e+00,42,2.43e+00,1.21e-01,2.32e-02,2.58e+00
1.44e-03,4.55e+05,1.44e-03,1.41e-03,4.68e+05,-6.58e+00,43,2.44e+00,1.25e-01,2.70e-02,2.59e+00
1.43e-03,4.53e+05,1.43e-03,1.39e-03,4.67e+05,-6.59e+00,44,2.46e+00,1.23e-01,2.73e-02,2.61e+00
1.42e-03,4.42e+05,1.42e-03,1.39e-03,4.48e+05,-6.59e+00,45,2.42e+00,1.22e-01,2.88e-02,2.57e+00
1.42e-03,4.40e+05,1.42e-03,1.39e-03,4.45e+05,-6.59e+00,46,2.44e+00,1.21e-01,2.79e-02,2.59e+00
1.40e-03,4.25e+05,1.40e-03,1.37e-03,4.33e+05,-6.60e+00,47,2.43e+00,1.23e-01,2.86e-02,2.58e+00
1.40e-03,4.22e+05,1.40e-03,1.36e-03,4.53e+05,-6.61e+00,48,2.43e+00,1.21e-01,2.89e-02,2.58e+00
1.39e-03,4.17e+05,1.39e-03,1.39e-03,4.25e+05,-6.59e+00,49,2.45e+00,1.21e-01,2.38e-02,2.59e+00
1.39e-03,4.08e+05,1.39e-03,1.38e-03,4.24e+05,-6.60e+00,50,2.44e+00,1.21e-01,2.42e-02,2.58e+00
1.38e-03,4.10e+05,1.38e-03,1.37e-03,4.36e+05,-6.60e+00,51,2.44e+00,1.25e-01,2.37e-02,2.58e+00
1.38e-03,4.00e+05,1.38e-03,1.34e-03,4.19e+05,-6.63e+00,52,2.43e+00,1.24e-01,2.67e-02,2.58e+00
1.38e-03,3.96e+05,1.38e-03,1.33e-03,4.07e+05,-6.63e+00,53,2.46e+00,1.25e-01,2.85e-02,2.61e+00
1.37e-03,3.94e+05,1.37e-03,1.32e-03,4.05e+05,-6.64e+00,54,2.44e+00,1.21e-01,2.72e-02,2.58e+00
1.36e-03,3.90e+05,1.36e-03,1.31e-03,3.84e+05,-6.65e+00,55,2.45e+00,1.25e-01,2.88e-02,2.60e+00
1.37e-03,3.87e+05,1.37e-03,1.30e-03,3.69e+05,-6.65e+00,56,2.43e+00,1.24e-01,2.87e-02,2.58e+00
1.36e-03,3.84e+05,1.36e-03,1.30e-03,3.65e+05,-6.66e+00,57,2.44e+00,1.26e-01,2.87e-02,2.60e+00
1.35e-03,3.79e+05,1.35e-03,1.30e-03,3.53e+05,-6.66e+00,58,2.46e+00,1.22e-01,2.24e-02,2.60e+00
1.35e-03,3.72e+05,1.35e-03,1.30e-03,3.67e+05,-6.66e+00,59,2.44e+00,1.26e-01,2.34e-02,2.59e+00
1.34e-03,3.66e+05,1.34e-03,1.29e-03,3.47e+05,-6.67e+00,60,2.47e+00,1.25e-01,2.97e-02,2.62e+00
1.33e-03,3.62e+05,1.33e-03,1.29e-03,3.63e+05,-6.67e+00,61,2.48e+00,1.24e-01,2.77e-02,2.63e+00
1.32e-03,3.63e+05,1.32e-03,1.29e-03,3.60e+05,-6.67e+00,62,2.45e+00,1.23e-01,2.35e-02,2.60e+00
1.32e-03,3.57e+05,1.32e-03,1.28e-03,3.45e+05,-6.67e+00,63,2.45e+00,1.24e-01,2.71e-02,2.60e+00
1.31e-03,3.48e+05,1.31e-03,1.28e-03,3.48e+05,-6.68e+00,64,2.45e+00,1.25e-01,2.86e-02,2.60e+00
1.32e-03,3.51e+05,1.32e-03,1.29e-03,3.43e+05,-6.67e+00,65,2.46e+00,1.25e-01,2.33e-02,2.61e+00
1.31e-03,3.48e+05,1.31e-03,1.26e-03,3.32e+05,-6.69e+00,66,2.46e+00,1.26e-01,2.78e-02,2.62e+00
1.30e-03,3.40e+05,1.30e-03,1.34e-03,3.31e+05,-6.63e+00,67,2.47e+00,1.23e-01,2.35e-02,2.61e+00
1.30e-03,3.37e+05,1.30e-03,1.25e-03,3.12e+05,-6.69e+00,68,2.48e+00,1.24e-01,2.79e-02,2.63e+00
1.29e-03,3.36e+05,1.29e-03,1.26e-03,3.02e+05,-6.69e+00,69,2.48e+00,1.22e-01,2.34e-02,2.63e+00
1.28e-03,3.30e+05,1.28e-03,1.24e-03,3.15e+05,-6.70e+00,70,2.48e+00,1.25e-01,2.94e-02,2.63e+00
1.28e-03,3.24e+05,1.28e-03,1.23e-03,3.01e+05,-6.71e+00,71,2.46e+00,1.24e-01,2.77e-02,2.62e+00
1.27e-03,3.23e+05,1.27e-03,1.22e-03,2.89e+05,-6.72e+00,72,2.78e+00,1.32e-01,4.08e-02,2.96e+00
1.27e-03,3.22e+05,1.27e-03,1.21e-03,2.82e+05,-6.73e+00,73,2.45e+00,1.24e-01,2.79e-02,2.60e+00
1.27e-03,3.20e+05,1.27e-03,1.21e-03,2.83e+05,-6.72e+00,74,2.45e+00,1.24e-01,2.26e-02,2.60e+00
1.27e-03,3.17e+05,1.27e-03,1.18e-03,2.93e+05,-6.75e+00,75,2.44e+00,1.22e-01,2.91e-02,2.60e+00
1.28e-03,3.17e+05,1.28e-03,1.16e-03,2.79e+05,-6.76e+00,76,2.45e+00,1.24e-01,2.87e-02,2.60e+00
1.27e-03,3.16e+05,1.27e-03,1.16e-03,2.65e+05,-6.77e+00,77,2.47e+00,1.26e-01,2.87e-02,2.63e+00
1.27e-03,3.10e+05,1.27e-03,1.17e-03,2.68e+05,-6.76e+00,78,2.45e+00,1.24e-01,2.33e-02,2.60e+00
1.26e-03,3.06e+05,1.26e-03,1.17e-03,2.74e+05,-6.76e+00,79,2.44e+00,1.23e-01,2.33e-02,2.59e+00
1.27e-03,3.12e+05,1.27e-03,1.27e-03,2.86e+05,-6.68e+00,80,2.63e+00,1.24e-01,2.36e-02,2.78e+00
1.28e-03,3.09e+05,1.28e-03,1.30e-03,3.10e+05,-6.65e+00,81,2.44e+00,1.23e-01,2.37e-02,2.59e+00
1.27e-03,3.10e+05,1.27e-03,1.25e-03,2.88e+05,-6.70e+00,82,2.46e+00,1.25e-01,2.37e-02,2.61e+00
1.26e-03,3.05e+05,1.26e-03,1.23e-03,2.91e+05,-6.71e+00,83,2.46e+00,1.25e-01,2.23e-02,2.60e+00
1.25e-03,2.94e+05,1.25e-03,1.19e-03,2.75e+05,-6.74e+00,84,2.46e+00,1.23e-01,2.31e-02,2.61e+00
1.24e-03,2.94e+05,1.24e-03,1.17e-03,2.63e+05,-6.76e+00,85,2.45e+00,1.23e-01,2.32e-02,2.60e+00
1.24e-03,2.91e+05,1.24e-03,1.18e-03,2.69e+05,-6.75e+00,86,2.45e+00,1.23e-01,2.24e-02,2.59e+00
1.25e-03,2.93e+05,1.25e-03,1.24e-03,2.84e+05,-6.70e+00,87,2.46e+00,1.23e-01,2.38e-02,2.61e+00
1.24e-03,2.89e+05,1.24e-03,1.17e-03,2.62e+05,-6.76e+00,88,2.46e+00,1.21e-01,2.39e-02,2.61e+00
1.24e-03,2.88e+05,1.24e-03,1.24e-03,2.90e+05,-6.70e+00,89,2.45e+00,1.25e-01,2.34e-02,2.60e+00
1.23e-03,2.81e+05,1.23e-03,1.17e-03,2.53e+05,-6.76e+00,90,2.45e+00,1.25e-01,2.36e-02,2.60e+00
1.23e-03,2.85e+05,1.23e-03,1.19e-03,2.79e+05,-6.74e+00,91,2.46e+00,1.24e-01,2.39e-02,2.61e+00
1.25e-03,2.83e+05,1.25e-03,1.26e-03,2.91e+05,-6.69e+00,92,2.96e+00,1.24e-01,1.43e-01,3.23e+00
1.24e-03,2.79e+05,1.24e-03,1.18e-03,2.67e+05,-6.75e+00,93,2.48e+00,1.21e-01,2.37e-02,2.62e+00
1.22e-03,2.76e+05,1.22e-03,1.17e-03,2.68e+05,-6.75e+00,94,2.45e+00,1.25e-01,3.68e-02,2.61e+00
