train_mse_loss,train_inter_physics_loss,train_loss,valid_mse_loss,valid_inter_physics_loss,valid_loss,epoch,train_seconds,valid_seconds,checkpoint_seconds,total_seconds
1.78e-03,1.01e+06,1.88e-03,1.90e-03,1.06e+06,-6.27e+00,8,4.67e+00,2.18e-01,3.75e-02,4.93e+00
1.67e-03,8.79e+05,1.76e-03,1.79e-03,9.49e+05,-6.33e+00,9,4.66e+00,2.15e-01,4.29e-02,4.92e+00
1.58e-03,8.11e+05,1.67e-03,1.73e-03,9.03e+05,-6.36e+00,10,4.68e+00,2.21e-01,4.32e-02,4.94e+00
1.51e-03,7.67e+05,1.58e-03,1.62e-03,8.23e+05,-6.43e+00,11,4.66e+00,2.17e-01,4.30e-02,4.92e+00
1.45e-03,7.33e+05,1.52e-03,1.54e-03,7.93e+05,-6.48e+00,12,4.67e+00,2.18e-01,4.33e-02,4.93e+00
1.39e-03,7.01e+05,1.46e-03,1.47e-03,7.55e+05,-6.53e+00,13,4.66e+00,2.23e-01,4.31e-02,4.93e+00
1.34e-03,6.61e+05,1.41e-03,1.39e-03,7.20e+05,-6.58e+00,14,4.68e+00,2.21e-01,4.28e-02,4.94e+00
1.30e-03,6.30e+05,1.36e-03,1.37e-03,6.93e+05,-6.60e+00,15,4.67e+00,2.27e-01,4.25e-02,4.94e+00
1.26e-03,6.06e+05,1.32e-03,1.30e-03,6.72e+05,-6.65e+00,16,4.72e+00,2.26e-01,4.35e-02,4.99e+00
1.23e-03,5.78e+05,1.29e-03,1.27e-03,6.28e+05,-6.68e+00,17,4.71e+00,2.23e-01,4.31e-02,4.98e+00
1.20e-03,5.54e+05,1.26e-03,1.24e-03,6.14e+05,-6.70e+00,18,4.67e+00,2.27e-01,4.30e-02,4.94e+00
1.19e-03,5.29e+05,1.24e-03,1.22e-03,6.17e+05,-6.71e+00,19,4.81e+00,2.29e-01,4.38e-02,5.08e+00
1.17e-03,5.15e+05,1.22e-03,1.21e-03,6.14e+05,-6.72e+00,20,4.91e+00,2.29e-01,4.40e-02,5.18e+00
1.14e-03,4.98e+05,1.19e-03,1.21e-03,5.93e+05,-6.72e+00,21,4.70e+00,2.15e-01,4.32e-02,4.96e+00
1.11e-03,4.77e+05,1.16e-03,1.19e-03,5.80e+05,-6.74e+00,22,4.66e+00,2.19e-01,4.29e-02,4.92e+00
1.09e-03,4.64e+05,1.14e-03,1.15e-03,5.44e+05,-6.77e+00,23,4.67e+00,2.22e-01,4.29e-02,4.94e+00
1.07e-03,4.46e+05,1.11e-03,1.10e-03,5.07e+05,-6.81e+00,24,4.67e+00,2.20e-01,4.29e-02,4.93e+00
1.05e-03,4.36e+05,1.09e-03,1.08e-03,4.93e+05,-6.84e+00,25,4.69e+00,2.38e-01,4.71e-02,4.97e+00
1.04e-03,4.22e+05,1.08e-03,1.06e-03,4.87e+05,-6.85e+00,26,4.69e+00,2.22e-01,4.28e-02,4.95e+00
1.03e-03,4.16e+05,1.07e-03,1.06e-03,4.66e+05,-6.85e+00,27,4.66e+00,2.23e-01,5.15e-02,4.94e+00
1.03e-03,4.06e+05,1.07e-03,1.10e-03,4.78e+05,-6.82e+00,28,4.66e+00,2.22e-01,3.53e-02,4.92e+00
1.01e-03,3.98e+05,1.05e-03,1.05e-03,4.65e+05,-6.86e+00,29,4.66e+00,2.19e-01,4.27e-02,4.92e+00
9.98e-04,3.83e+05,1.04e-03,1.02e-03,4.35e+05,-6.89e+00,30,4.67e+00,2.23e-01,4.41e-02,4.93e+00
9.83e-04,3.78e+05,1.02e-03,9.74e-04,4.08e+05,-6.94e+00,31,4.68e+00,2.19e-01,4.29e-02,4.94e+00
9.74e-04,3.65e+05,1.01e-03,9.60e-04,3.95e+05,-6.95e+00,32,4.67e+00,2.18e-01,4.28e-02,4.93e+00
9.60e-04,3.57e+05,9.96e-04,9.34e-04,3.71e+05,-6.98e+00,33,4.73e+00,2.18e-01,4.25e-02,4.99e+00
9.51e-04,3.49e+05,9.86e-04,9.24e-04,3.76e+05,-6.99e+00,34,5.77e+00,2.27e-01,6.08e-02,6.05e+00
9.40e-04,3.39e+05,9.74e-04,8.85e-04,3.50e+05,-7.03e+00,35,4.64e+00,2.16e-01,4.26e-02,4.90e+00
9.36e-04,3.35e+05,9.69e-04,8.74e-04,3.52e+05,-7.05e+00,36,4.64e+00,2.19e-01,4.29e-02,4.90e+00
9.27e-04,3.28e+05,9.59e-04,8.61e-04,3.41e+05,-7.06e+00,37,4.63e+00,2.18e-01,4.22e-02,4.89e+00
9.19e-04,3.25e+05,9.52e-04,8.46e-04,3.30e+05,-7.08e+00,38,4.64e+00,2.12e-01,1.01e-01,4.95e+00
9.03e-04,3.16e+05,9.35e-04,8.42e-04,3.24e+05,-7.08e+00,39,4.62e+00,2.23e-01,4.29e-02,4.89e+00
8.95e-04,3.09e+05,9.26e-04,8.27e-04,3.09e+05,-7.10e+00,40,4.68e+00,2.22e-01,4.38e-02,4.95e+00
8.85e-04,3.02e+05,9.15e-04,8.23e-04,3.10e+05,-7.11e+00,41,4.68e+00,2.20e-01,4.29e-02,4.94e+00
8.78e-04,2.98e+05,9.08e-04,8.07e-04,2.91e+05,-7.13e+00,42,4.65e+00,2.19e-01,4.30e-02,4.91e+00
8.69e-04,2.93e+05,8.99e-04,8.00e-04,2.94e+05,-7.13e+00,43,4.67e+00,2.22e-01,4.31e-02,4.93e+00
8.56e-04,2.89e+05,8.85e-04,7.91e-04,2.79e+05,-7.14e+00,44,4.66e+00,2.22e-01,4.29e-02,4.93e+00
8.57e-04,2.84e+05,8.85e-04,7.80e-04,2.72e+05,-7.16e+00,45,4.65e+00,2.19e-01,4.26e-02,4.91e+00
8.44e-04,2.79e+05,8.72e-04,7.85e-04,2.66e+05,-7.15e+00,46,4.68e+00,2.20e-01,3.58e-02,4.94e+00
8.36e-04,2.72e+05,8.64e-04,7.78e-04,2.52e+05,-7.16e+00,47,4.67e+00,2.18e-01,4.26e-02,4.94e+00
8.30e-04,2.66e+05,8.56e-04,7.70e-04,2.47e+05,-7.17e+00,48,4.66e+00,2.16e-01,4.30e-02,4.92e+00
8.24e-04,2.63e+05,8.51e-04,7.67e-04,2.45e+05,-7.18e+00,49,4.68e+00,2.17e-01,4.31e-02,4.94e+00
8.14e-04,2.59e+05,8.40e-04,7.67e-04,2.49e+05,-7.18e+00,50,4.67e+00,2.19e-01,3.64e-02,4.93e+00
8.08e-04,2.54e+05,8.33e-04,7.58e-04,2.41e+05,-7.19e+00,51,4.67e+00,2.16e-01,4.29e-02,4.93e+00
8.00e-04,2.51e+05,8.26e-04,7.58e-04,2.41e+05,-7.19e+00,52,4.66e+00,2.19e-01,3.51e-02,4.91e+00
7.97e-04,2.48e+05,8.22e-04,7.66e-04,2.41e+05,-7.18e+00,53,4.65e+00,2.16e-01,3.57e-02,4.90e+00
7.92e-04,2.46e+05,8.17e-04,7.67e-04,2.31e+05,-7.18e+00,54,4.68e+00,2.21e-01,3.59e-02,4.94e+00
7.97e-04,2.44e+05,8.22e-04,7.62e-04,2.32e+05,-7.18e+00,55,4.67e+00,2.23e-01,3.53e-02,4.93e+00
7.90e-04,2.39e+05,8.14e-04,7.59e-04,2.30e+05,-7.19e+00,56,4.68e+00,2.20e-01,3.50e-02,4.93e+00
7.87e-04,2.37e+05,8.11e-04,7.49e-04,2.22e+05,-7.20e+00,57,4.68e+00,2.17e-01,4.27e-02,4.94e+00
7.80e-04,2.31e+05,8.03e-04,7.38e-04,2.14e+05,-7.21e+00,58,4.69e+00,2.24e-01,4.32e-02,4.96e+00
7.77e-04,2.29e+05,8.00e-04,7.50e-04,2.17e+05,-7.20e+00,59,4.68e+00,2.21e-01,3.54e-02,4.94e+00
7.73e-04,2.25e+05,7.95e-04,7.62e-04,2.15e+05,-7.18e+00,60,4.72e+00,2.17e-01,3.63e-02,4.97e+00
7.75e-04,2.24e+05,7.97e-04,7.74e-04,2.21e+05,-7.17e+00,61,4.68e+00,2.19e-01,3.52e-02,4.93e+00
7.71e-04,2.21e+05,7.93e-04,7.96e-04,2.25e+05,-7.14e+00,62,4.69e+00,2.19e-01,3.52e-02,4.94e+00
7.64e-04,2.19e+05,7.86e-04,7.95e-04,2.17e+05,-7.14e+00,63,4.66e+00,2.20e-01,3.50e-02,4.92e+00
7.60e-04,2.16e+05,7.82e-04,7.94e-04,2.20e+05,-7.14e+00,64,4.66e+00,2.14e-01,3.54e-02,4.91e+00
7.54e-04,2.14e+05,7.75e-04,7.95e-04,2.22e+05,-7.14e+00,65,4.65e+00,2.20e-01,3.53e-02,4.90e+00
7.48e-04,2.11e+05,7.69e-04,7.76e-04,2.13e+05,-7.16e+00,66,4.68e+00,2.22e-01,3.53e-02,4.93e+00
7.43e-04,2.10e+05,7.64e-04,7.66e-04,2.07e+05,-7.18e+00,67,4.75e+00,2.23e-01,3.55e-02,5.00e+00
7.38e-04,2.06e+05,7.58e-04,7.62e-04,2.04e+05,-7.18e+00,68,4.67e+00,2.20e-01,3.53e-02,4.92e+00
7.32e-04,2.04e+05,7.53e-04,7.54e-04,2.00e+05,-7.19e+00,69,4.67e+00,2.23e-01,4.15e-02,4.94e+00
