train_mse_loss,train_inter_physics_loss,train_loss,valid_mse_loss,valid_inter_physics_loss,valid_loss,epoch,train_seconds,valid_seconds,checkpoint_seconds,total_seconds
2.18e-03,1.05e+06,2.29e-03,2.04e-03,9.75e+05,-6.20e+00,8,3.91e+00,1.94e-01,3.59e-02,4.14e+00
2.06e-03,9.10e+05,2.15e-03,1.96e-03,8.91e+05,-6.24e+00,9,3.90e+00,1.94e-01,3.94e-02,4.13e+00
1.96e-03,8.35e+05,2.04e-03,1.89e-03,8.73e+05,-6.28e+00,10,3.91e+00,1.94e-01,4.82e-02,4.15e+00
1.87e-03,7.81e+05,1.94e-03,1.80e-03,8.39e+05,-6.33e+00,11,3.90e+00,1.94e-01,3.98e-02,4.14e+00
1.79e-03,7.50e+05,1.87e-03,1.69e-03,7.54e+05,-6.39e+00,12,3.90e+00,1.94e-01,3.94e-02,4.14e+00
1.72e-03,7.13e+05,1.80e-03,1.60e-03,7.20e+05,-6.44e+00,13,3.91e+00,1.94e-01,3.99e-02,4.14e+00
1.67e-03,6.79e+05,1.74e-03,1.55e-03,6.73e+05,-6.47e+00,14,3.91e+00,1.94e-01,4.04e-02,4.14e+00
1.62e-03,6.68e+05,1.69e-03,1.51e-03,6.35e+05,-6.50e+00,15,3.91e+00,1.94e-01,3.98e-02,4.14e+00
1.58e-03,6.42e+05,1.64e-03,1.51e-03,6.41e+05,-6.50e+00,16,3.90e+00,1.94e-01,3.34e-02,4.13e+00
1.54e-03,6.25e+05,1.60e-03,1.51e-03,6.37e+05,-6.50e+00,17,3.90e+00,1.94e-01,3.31e-02,4.13e+00
1.50e-03,6.03e+05,1.56e-03,1.55e-03,6.59e+05,-6.47e+00,18,3.90e+00,1.94e-01,3.34e-02,4.13e+00
1.47e-03,5.91e+05,1.52e-03,1.56e-03,6.46e+05,-6.47e+00,19,3.90e+00,1.94e-01,3.32e-02,4.13e+00
1.43e-03,5.71e+05,1.49e-03,1.54e-03,6.38e+05,-6.48e+00,20,3.90e+00,1.95e-01,3.39e-02,4.13e+00
1.40e-03,5.53e+05,1.46e-03,1.51e-03,6.22e+05,-6.50e+00,21,3.90e+00,1.94e-01,3.98e-02,4.14e+00
1.38e-03,5.38e+05,1.43e-03,1.42e-03,5.92e+05,-6.56e+00,22,3.94e+00,2.00e-01,4.01e-02,4.18e+00
1.36e-03,5.24e+05,1.41e-03,1.33e-03,5.50e+05,-6.62e+00,23,3.93e+00,1.94e-01,4.00e-02,4.16e+00
1.33e-03,5.12e+05,1.38e-03,1.28e-03,5.22e+05,-6.67e+00,24,3.90e+00,1.94e-01,3.99e-02,4.13e+00
1.30e-03,4.98e+05,1.35e-03,1.22e-03,5.29e+05,-6.71e+00,25,3.90e+00,1.94e-01,3.95e-02,4.13e+00
1.27e-03,4.83e+05,1.31e-03,1.22e-03,5.36e+05,-6.71e+00,26,3.91e+00,1.95e-01,4.03e-02,4.14e+00
1.24e-03,4.62e+05,1.29e-03,1.21e-03,5.59e+05,-6.72e+00,27,3.90e+00,1.94e-01,3.99e-02,4.14e+00
1.21e-03,4.49e+05,1.26e-03,1.18e-03,5.53e+05,-6.75e+00,28,3.90e+00,1.94e-01,3.99e-02,4.14e+00
1.19e-03,4.34e+05,1.24e-03,1.17e-03,5.60e+05,-6.75e+00,29,3.90e+00,1.94e-01,3.99e-02,4.13e+00
1.17e-03,4.22e+05,1.21e-03,1.16e-03,5.30e+05,-6.77e+00,30,3.91e+00,1.94e-01,4.09e-02,4.15e+00
1.15e-03,4.02e+05,1.19e-03,1.13e-03,5.38e+05,-6.79e+00,31,3.90e+00,1.94e-01,3.97e-02,4.14e+00
1.14e-03,3.92e+05,1.18e-03,1.12e-03,5.29e+05,-6.80e+00,32,3.90e+00,1.94e-01,3.99e-02,4.13e+00
1.12e-03,3.82e+05,1.16e-03,1.08e-03,4.95e+05,-6.84e+00,33,3.90e+00,1.94e-01,3.97e-02,4.14e+00
1.10e-03,3.76e+05,1.14e-03,1.07e-03,4.73e+05,-6.84e+00,34,3.90e+00,1.94e-01,4.04e-02,4.14e+00
1.09e-03,3.67e+05,1.13e-03,1.04e-03,4.63e+05,-6.87e+00,35,3.90e+00,1.94e-01,3.95e-02,4.14e+00
1.08e-03,3.57e+05,1.11e-03,1.03e-03,4.56e+05,-6.88e+00,36,3.90e+00,1.94e-01,3.99e-02,4.13e+00
1.06e-03,3.48e+05,1.10e-03,1.02e-03,4.34e+05,-6.90e+00,37,3.91e+00,1.94e-01,3.98e-02,4.14e+00
1.06e-03,3.41e+05,1.09e-03,1.02e-03,4.25e+05,-6.89e+00,38,3.91e+00,1.95e-01,3.37e-02,4.13e+00
1.04e-03,3.34e+05,1.07e-03,9.98e-04,4.10e+05,-6.91e+00,39,3.90e+00,1.94e-01,3.96e-02,4.14e+00
1.03e-03,3.25e+05,1.06e-03,1.00e-03,3.92e+05,-6.91e+00,40,3.90e+00,1.94e-01,3.40e-02,4.13e+00
1.02e-03,3.16e+05,1.05e-03,9.91e-04,3.83e+05,-6.92e+00,41,3.90e+00,1.94e-01,3.94e-02,4.13e+00
1.01e-03,3.11e+05,1.04e-03,9.81e-04,3.62e+05,-6.93e+00,42,3.90e+00,1.94e-01,4.01e-02,4.13e+00
1.00e-03,3.09e+05,1.04e-03,9.84e-04,3.67e+05,-6.93e+00,43,3.90e+00,1.94e-01,3.34e-02,4.13e+00
9.93e-04,3.01e+05,1.02e-03,9.75e-04,3.47e+05,-6.94e+00,44,3.91e+00,1.94e-01,3.99e-02,4.14e+00
9.87e-04,2.96e+05,1.02e-03,9.74e-04,3.31e+05,-6.94e+00,45,3.90e+00,1.94e-01,3.97e-02,4.13e+00
9.76e-04,2.94e+05,1.01e-03,9.53e-04,3.28e+05,-6.96e+00,46,3.90e+00,1.94e-01,3.96e-02,4.13e+00
9.68e-04,2.88e+05,9.97e-04,9.50e-04,3.19e+05,-6.96e+00,47,3.90e+00,1.94e-01,4.00e-02,4.13e+00
9.61e-04,2.82e+05,9.89e-04,9.38e-04,3.23e+05,-6.97e+00,48,3.90e+00,1.94e-01,3.97e-02,4.14e+00
9.53e-04,2.77e+05,9.81e-04,9.21e-04,3.01e+05,-6.99e+00,49,3.90e+00,1.94e-01,4.01e-02,4.13e+00
9.45e-04,2.71e+05,9.72e-04,9.07e-04,2.96e+05,-7.01e+00,50,3.90e+00,1.94e-01,4.09e-02,4.14e+00
9.34e-04,2.69e+05,9.61e-04,8.88e-04,2.92e+05,-7.03e+00,51,3.91e+00,1.94e-01,3.98e-02,4.14e+00
9.29e-04,2.61e+05,9.56e-04,8.74e-04,2.80e+05,-7.05e+00,52,3.90e+00,1.94e-01,3.97e-02,4.13e+00
9.21e-04,2.57e+05,9.47e-04,8.61e-04,2.78e+05,-7.06e+00,53,3.90e+00,1.94e-01,4.03e-02,4.13e+00
9.07e-04,2.54e+05,9.33e-04,8.46e-04,2.74e+05,-7.08e+00,54,3.90e+00,1.94e-01,3.96e-02,4.14e+00
8.95e-04,2.47e+05,9.20e-04,8.42e-04,2.74e+05,-7.08e+00,55,3.90e+00,1.94e-01,4.00e-02,4.13e+00
8.86e-04,2.45e+05,9.11e-04,8.30e-04,2.57e+05,-7.10e+00,56,3.90e+00,1.94e-01,4.01e-02,4.14e+00
8.80e-04,2.45e+05,9.05e-04,8.33e-04,2.66e+05,-7.09e+00,57,3.90e+00,1.94e-01,3.34e-02,4.13e+00
8.73e-04,2.39e+05,8.97e-04,8.21e-04,2.63e+05,-7.11e+00,58,3.90e+00,1.95e-01,3.95e-02,4.13e+00
8.65e-04,2.37e+05,8.89e-04,8.20e-04,2.62e+05,-7.11e+00,59,3.91e+00,1.94e-01,4.00e-02,4.14e+00
8.60e-04,2.32e+05,8.83e-04,8.09e-04,2.53e+05,-7.12e+00,60,3.90e+00,1.94e-01,4.07e-02,4.13e+00
8.56e-04,2.32e+05,8.79e-04,8.06e-04,2.59e+05,-7.13e+00,61,3.90e+00,1.94e-01,4.01e-02,4.13e+00
8.48e-04,2.29e+05,8.71e-04,8.02e-04,2.54e+05,-7.13e+00,62,3.90e+00,1.94e-01,3.99e-02,4.13e+00
8.45e-04,2.27e+05,8.68e-04,7.94e-04,2.50e+05,-7.14e+00,63,3.90e+00,1.94e-01,3.99e-02,4.14e+00
8.37e-04,2.23e+05,8.59e-04,7.94e-04,2.47e+05,-7.14e+00,64,3.90e+00,1.94e-01,3.99e-02,4.13e+00
8.32e-04,2.19e+05,8.54e-04,7.89e-04,2.54e+05,-7.15e+00,65,3.90e+00,1.94e-01,3.97e-02,4.13e+00
8.28e-04,2.19e+05,8.50e-04,7.88e-04,2.48e+05,-7.15e+00,66,3.91e+00,1.93e-01,4.01e-02,4.15e+00
8.23e-04,2.16e+05,8.44e-04,7.84e-04,2.56e+05,-7.15e+00,67,3.90e+00,1.94e-01,3.99e-02,4.13e+00
8.20e-04,2.14e+05,8.42e-04,7.88e-04,2.51e+05,-7.15e+00,68,3.90e+00,1.94e-01,3.35e-02,4.13e+00
8.15e-04,2.12e+05,8.37e-04,7.78e-04,2.49e+05,-7.16e+00,69,3.91e+00,1.94e-01,4.00e-02,4.14e+00
8.11e-04,2.12e+05,8.32e-04,7.78e-04,2.46e+05,-7.16e+00,70,3.90e+00,1.94e-01,3.43e-02,4.13e+00
8.07e-04,2.09e+05,8.28e-04,7.75e-04,2.46e+05,-7.17e+00,71,3.90e+00,1.94e-01,3.98e-02,4.13e+00
8.02e-04,2.05e+05,8.23e-04,7.68e-04,2.37e+05,-7.18e+00,72,3.90e+00,1.94e-01,3.96e-02,4.14e+00
8.00e-04,2.05e+05,8.20e-04,7.66e-04,2.39e+05,-7.18e+00,73,3.91e+00,1.93e-01,3.97e-02,4.14e+00
7.97e-04,2.01e+05,8.17e-04,7.70e-04,2.29e+05,-7.17e+00,74,3.90e+00,1.94e-01,3.33e-02,4.13e+00
7.94e-04,2.02e+05,8.14e-04,7.61e-04,2.27e+05,-7.18e+00,75,3.90e+00,1.94e-01,3.96e-02,4.13e+00
7.95e-04,2.00e+05,8.15e-04,7.60e-04,2.24e+05,-7.19e+00,76,3.90e+00,1.94e-01,4.01e-02,4.13e+00
7.94e-04,2.01e+05,8.14e-04,7.62e-04,2.22e+05,-7.18e+00,77,3.90e+00,1.94e-01,3.34e-02,4.13e+00
8.00e-04,1.98e+05,8.20e-04,7.67e-04,2.10e+05,-7.18e+00,78,3.93e+00,1.99e-01,3.32e-02,4.17e+00
8.11e-04,1.97e+05,8.31e-04,7.70e-04,1.91e+05,-7.17e+00,79,3.91e+00,1.93e-01,3.29e-02,4.14e+00
8.11e-04,1.94e+05,8.30e-04,7.65e-04,1.87e+05,-7.18e+00,80,3.90e+00,1.94e-01,3.66e-02,4.13e+00
7.99e-04,1.91e+05,8.18e-04,7.66e-04,1.83e+05,-7.18e+00,81,3.90e+00,1.96e-01,3.33e-02,4.13e+00
7.95e-04,1.90e+05,8.14e-04,7.72e-04,1.86e+05,-7.17e+00,82,3.94e+00,1.97e-01,3.36e-02,4.17e+00
7.89e-04,1.86e+05,8.08e-04,7.68e-04,1.81e+05,-7.17e+00,83,3.93e+00,1.95e-01,3.33e-02,4.16e+00
7.87e-04,1.86e+05,8.06e-04,7.49e-04,1.77e+05,-7.20e+00,84,3.93e+00,1.94e-01,4.02e-02,4.16e+00
7.85e-04,1.85e+05,8.04e-04,7.46e-04,1.79e+05,-7.20e+00,85,3.93e+00,1.97e-01,3.98e-02,4.16e+00
7.81e-04,1.82e+05,8.00e-04,7.38e-04,1.76e+05,-7.21e+00,86,3.93e+00,1.95e-01,3.99e-02,4.16e+00
7.76e-04,1.79e+05,7.94e-04,7.31e-04,1.70e+05,-7.22e+00,87,3.93e+00,1.95e-01,3.99e-02,4.16e+00
7.68e-04,1.76e+05,7.85e-04,7.29e-04,1.73e+05,-7.23e+00,88,3.94e+00,1.94e-01,4.01e-02,4.17e+00
7.63e-04,1.76e+05,7.81e-04,7.22e-04,1.74e+05,-7.24e+00,89,3.93e+00,1.96e-01,4.00e-02,4.16e+00
7.57e-04,1.74e+05,7.74e-04,7.28e-04,1.75e+05,-7.23e+00,90,3.93e+00,1.96e-01,3.47e-02,4.16e+00
7.55e-04,1.74e+05,7.72e-04,7.13e-04,1.70e+05,-7.25e+00,91,3.93e+00,1.94e-01,3.97e-02,4.16e+00
7.47e-04,1.72e+05,7.64e-04,7.22e-04,1.72e+05,-7.24e+00,92,3.93e+00,1.95e-01,3.34e-02,4.16e+00
7.42e-04,1.71e+05,7.60e-04,7.09e-04,1.71e+05,-7.25e+00,93,3.92e+00,1.94e-01,3.98e-02,4.15e+00
7.38e-04,1.71e+05,7.55e-04,7.17e-04,1.84e+05,-7.24e+00,94,3.90e+00,1.94e-01,3.32e-02,4.13e+00
7.34e-04,1.70e+05,7.51e-04,7.07e-04,1.73e+05,-7.26e+00,95,3.91e+00,1.94e-01,3.97e-02,4.14e+00
7.30e-04,1.68e+05,7.47e-04,7.05e-04,1.83e+05,-7.26e+00,96,3.90e+00,1.94e-01,3.99e-02,4.13e+00
7.26e-04,1.67e+05,7.43e-04,6.96e-04,1.79e+05,-7.27e+00,97,3.90e+00,1.94e-01,3.99e-02,4.13e+00
7.25e-04,1.66e+05,7.41e-04,7.00e-04,1.80e+05,-7.27e+00,98,3.94e+00,1.99e-01,3.35e-02,4.17e+00
7.22e-04,1.68e+05,7.38e-04,6.94e-04,1.77e+05,-7.28e+00,99,3.94e+00,1.94e-01,3.95e-02,4.17e+00
7.20e-04,1.66e+05,7.37e-04,7.00e-04,1.79e+05,-7.27e+00,100,3.90e+00,1.94e-01,3.38e-02,4.13e+00
7.18e-04,1.66e+05,7.35e-04,6.95e-04,1.81e+05,-7.27e+00,101,3.90e+00,1.95e-01,3.34e-02,4.13e+00
7.16e-04,1.64e+05,7.32e-04,6.98e-04,1.77e+05,-7.27e+00,102,3.92e+00,1.95e-01,3.34e-02,4.15e+00
7.16e-04,1.64e+05,7.33e-04,6.99e-04,1.79e+05,-7.27e+00,103,3.90e+00,1.94e-01,3.34e-02,4.13e+00
7.19e-04,1.63e+05,7.36e-04,7.17e-04,1.73e+05,-7.24e+00,104,3.90e+00,1.95e-01,3.33e-02,4.13e+00
7.18e-04,1.64e+05,7.34e-04,7.41e-04,1.76e+05,-7.21e+00,105,3.90e+00,1.95e-01,3.36e-02,4.13e+00
7.16e-04,1.63e+05,7.32e-04,7.58e-04,1.64e+05,-7.19e+00,106,3.90e+00,1.94e-01,3.33e-02,4.13e+00
7.14e-04,1.63e+05,7.30e-04,7.40e-04,1.61e+05,-7.21e+00,107,3.90e+00,1.94e-01,3.32e-02,4.13e+00
7.12e-04,1.62e+05,7.28e-04,7.40e-04,1.59e+05,-7.21e+00,108,3.90e+00,1.94e-01,3.34e-02,4.12e+00
7.07e-04,1.60e+05,7.23e-04,7.22e-04,1.61e+05,-7.24e+00,109,3.91e+00,1.94e-01,3.32e-02,4.13e+00
7.05e-04,1.58e+05,7.21e-04,7.27e-04,1.63e+05,-7.23e+00,110,3.90e+00,1.94e-01,4.01e-02,4.14e+00
