train_mse_loss,train_inter_physics_loss,train_loss,valid_mse_loss,valid_inter_physics_loss,valid_loss,epoch,train_seconds,valid_seconds,checkpoint_seconds,total_seconds
1.99e-03,1.28e+06,2.12e-03,2.07e-03,1.25e+06,-6.19e+00,8,3.04e+00,1.49e-01,2.68e-02,3.22e+00
1.89e-03,1.12e+06,2.00e-03,1.98e-03,1.07e+06,-6.23e+00,9,3.05e+00,1.50e-01,3.10e-02,3.23e+00
1.82e-03,1.02e+06,1.92e-03,1.94e-03,1.01e+06,-6.25e+00,10,3.05e+00,1.49e-01,6.29e-02,3.26e+00
1.74e-03,9.32e+05,1.84e-03,1.95e-03,1.03e+06,-6.25e+00,11,3.05e+00,1.50e-01,2.45e-02,3.23e+00
1.69e-03,8.90e+05,1.78e-03,1.85e-03,9.31e+05,-6.30e+00,12,3.05e+00,1.48e-01,3.08e-02,3.23e+00
1.64e-03,8.36e+05,1.72e-03,1.86e-03,9.06e+05,-6.29e+00,13,3.05e+00,1.54e-01,2.48e-02,3.23e+00
1.59e-03,7.92e+05,1.67e-03,1.87e-03,8.92e+05,-6.29e+00,14,3.05e+00,1.50e-01,1.06e-01,3.31e+00
1.55e-03,7.49e+05,1.62e-03,1.89e-03,8.80e+05,-6.28e+00,15,3.07e+00,1.49e-01,2.51e-02,3.25e+00
1.50e-03,7.24e+05,1.58e-03,1.87e-03,8.66e+05,-6.28e+00,16,3.06e+00,1.49e-01,1.07e-01,3.32e+00
1.45e-03,6.91e+05,1.52e-03,1.84e-03,8.48e+05,-6.30e+00,17,3.07e+00,1.51e-01,1.21e-01,3.34e+00
1.40e-03,6.60e+05,1.46e-03,1.60e-03,7.48e+05,-6.44e+00,18,3.06e+00,1.49e-01,3.12e-02,3.24e+00
1.35e-03,6.39e+05,1.41e-03,1.40e-03,7.12e+05,-6.57e+00,19,3.04e+00,1.49e-01,3.10e-02,3.22e+00
1.31e-03,6.02e+05,1.37e-03,1.30e-03,7.13e+05,-6.65e+00,20,3.07e+00,1.53e-01,3.19e-02,3.26e+00
1.25e-03,5.77e+05,1.30e-03,1.25e-03,7.00e+05,-6.69e+00,21,3.03e+00,1.48e-01,1.16e-01,3.30e+00
1.21e-03,5.47e+05,1.26e-03,1.22e-03,6.45e+05,-6.71e+00,22,3.03e+00,1.48e-01,1.15e-01,3.29e+00
1.17e-03,5.33e+05,1.23e-03,1.19e-03,6.18e+05,-6.74e+00,23,3.04e+00,1.52e-01,1.16e-01,3.31e+00
1.15e-03,5.13e+05,1.20e-03,1.15e-03,5.93e+05,-6.77e+00,24,3.04e+00,1.50e-01,1.15e-01,3.30e+00
1.12e-03,4.99e+05,1.17e-03,1.14e-03,5.94e+05,-6.78e+00,25,3.04e+00,1.51e-01,1.15e-01,3.31e+00
1.10e-03,4.78e+05,1.15e-03,1.12e-03,5.71e+05,-6.80e+00,26,3.03e+00,1.47e-01,1.16e-01,3.30e+00
1.10e-03,4.82e+05,1.14e-03,1.11e-03,5.77e+05,-6.81e+00,27,3.03e+00,1.48e-01,1.15e-01,3.29e+00
1.06e-03,4.65e+05,1.11e-03,1.10e-03,5.56e+05,-6.82e+00,28,3.04e+00,1.49e-01,1.16e-01,3.30e+00
1.05e-03,4.54e+05,1.09e-03,1.08e-03,5.53e+05,-6.83e+00,29,3.04e+00,1.48e-01,1.20e-01,3.31e+00
1.03e-03,4.39e+05,1.08e-03,1.08e-03,5.42e+05,-6.84e+00,30,3.04e+00,1.50e-01,3.20e-02,3.22e+00
1.03e-03,4.36e+05,1.07e-03,1.07e-03,5.50e+05,-6.84e+00,31,3.04e+00,1.50e-01,3.07e-02,3.23e+00
1.01e-03,4.20e+05,1.05e-03,1.06e-03,5.27e+05,-6.86e+00,32,3.04e+00,1.48e-01,3.08e-02,3.22e+00
9.98e-04,4.05e+05,1.04e-03,1.04e-03,4.98e+05,-6.87e+00,33,3.04e+00,1.50e-01,1.15e-01,3.30e+00
9.91e-04,3.97e+05,1.03e-03,1.05e-03,4.78e+05,-6.86e+00,34,3.03e+00,1.51e-01,1.09e-01,3.29e+00
9.78e-04,3.81e+05,1.02e-03,1.00e-03,4.69e+05,-6.91e+00,35,3.03e+00,1.49e-01,1.16e-01,3.30e+00
9.61e-04,3.66e+05,9.97e-04,9.70e-04,4.30e+05,-6.94e+00,36,3.05e+00,1.48e-01,1.15e-01,3.31e+00
9.48e-04,3.61e+05,9.84e-04,9.52e-04,4.27e+05,-6.96e+00,37,3.04e+00,1.47e-01,1.16e-01,3.31e+00
9.39e-04,3.54e+05,9.75e-04,9.37e-04,3.91e+05,-6.98e+00,38,3.04e+00,1.49e-01,3.06e-02,3.22e+00
9.42e-04,3.45e+05,9.77e-04,9.18e-04,3.87e+05,-7.00e+00,39,3.05e+00,1.50e-01,3.11e-02,3.24e+00
9.21e-04,3.32e+05,9.55e-04,9.02e-04,3.66e+05,-7.01e+00,40,3.04e+00,1.49e-01,3.35e-01,3.52e+00
9.28e-04,3.34e+05,9.62e-04,8.74e-04,3.50e+05,-7.05e+00,41,3.05e+00,1.50e-01,1.16e-01,3.31e+00
9.05e-04,3.21e+05,9.37e-04,8.62e-04,3.35e+05,-7.06e+00,42,3.04e+00,1.48e-01,1.16e-01,3.30e+00
8.92e-04,3.13e+05,9.24e-04,8.54e-04,3.29e+05,-7.07e+00,43,3.03e+00,1.48e-01,1.15e-01,3.29e+00
8.87e-04,3.10e+05,9.18e-04,8.49e-04,3.46e+05,-7.07e+00,44,3.04e+00,1.48e-01,1.16e-01,3.30e+00
8.72e-04,3.02e+05,9.03e-04,8.34e-04,3.11e+05,-7.09e+00,45,3.05e+00,1.47e-01,1.14e-01,3.31e+00
8.63e-04,2.97e+05,8.93e-04,8.29e-04,3.15e+05,-7.10e+00,46,3.03e+00,1.49e-01,1.16e-01,3.30e+00
8.58e-04,2.93e+05,8.87e-04,8.19e-04,3.00e+05,-7.11e+00,47,3.03e+00,1.49e-01,3.04e-02,3.21e+00
8.52e-04,2.86e+05,8.80e-04,8.14e-04,3.22e+05,-7.12e+00,48,3.04e+00,1.49e-01,3.12e-02,3.22e+00
8.43e-04,2.82e+05,8.71e-04,8.07e-04,3.12e+05,-7.12e+00,49,3.05e+00,1.49e-01,3.01e-02,3.23e+00
8.30e-04,2.74e+05,8.58e-04,8.01e-04,3.00e+05,-7.13e+00,50,3.05e+00,1.49e-01,1.13e-01,3.31e+00
8.23e-04,2.70e+05,8.50e-04,7.91e-04,2.90e+05,-7.15e+00,51,3.05e+00,1.49e-01,2.99e-02,3.23e+00
8.17e-04,2.66e+05,8.43e-04,7.84e-04,2.98e+05,-7.15e+00,52,3.05e+00,1.50e-01,1.13e-01,3.31e+00
8.11e-04,2.65e+05,8.37e-04,7.79e-04,2.88e+05,-7.16e+00,53,3.05e+00,1.50e-01,1.15e-01,3.31e+00
8.01e-04,2.59e+05,8.27e-04,7.80e-04,2.98e+05,-7.16e+00,54,3.05e+00,1.51e-01,1.07e-01,3.31e+00
7.97e-04,2.57e+05,8.23e-04,7.73e-04,2.85e+05,-7.17e+00,55,3.06e+00,1.50e-01,1.20e-01,3.33e+00
7.91e-04,2.51e+05,8.16e-04,7.81e-04,2.91e+05,-7.16e+00,56,3.06e+00,1.49e-01,1.06e-01,3.31e+00
7.86e-04,2.52e+05,8.11e-04,7.73e-04,2.89e+05,-7.17e+00,57,3.07e+00,1.50e-01,3.09e-02,3.25e+00
7.77e-04,2.44e+05,8.02e-04,7.68e-04,2.92e+05,-7.17e+00,58,3.05e+00,1.49e-01,1.15e-01,3.31e+00
7.76e-04,2.45e+05,8.00e-04,7.73e-04,2.90e+05,-7.17e+00,59,3.05e+00,1.49e-01,2.46e-02,3.22e+00
7.61e-04,2.39e+05,7.85e-04,7.61e-04,2.85e+05,-7.18e+00,60,3.04e+00,1.49e-01,3.94e-02,3.23e+00
7.54e-04,2.37e+05,7.78e-04,7.54e-04,2.72e+05,-7.19e+00,61,3.04e+00,1.49e-01,1.13e-01,3.31e+00
7.47e-04,2.34e+05,7.71e-04,7.44e-04,2.78e+05,-7.21e+00,62,3.05e+00,1.48e-01,3.04e-02,3.23e+00
7.42e-04,2.29e+05,7.65e-04,7.37e-04,2.63e+05,-7.22e+00,63,3.05e+00,1.50e-01,4.04e-02,3.24e+00
7.35e-04,2.27e+05,7.58e-04,7.34e-04,2.68e+05,-7.22e+00,64,3.05e+00,1.50e-01,1.16e-01,3.32e+00
7.32e-04,2.25e+05,7.55e-04,7.42e-04,2.61e+05,-7.21e+00,65,3.05e+00,1.51e-01,1.10e-01,3.31e+00
7.34e-04,2.24e+05,7.57e-04,7.53e-04,2.85e+05,-7.19e+00,66,3.05e+00,1.50e-01,1.10e-01,3.31e+00
7.32e-04,2.25e+05,7.54e-04,7.28e-04,2.77e+05,-7.23e+00,67,3.05e+00,1.49e-01,1.17e-01,3.32e+00
7.24e-04,2.18e+05,7.45e-04,7.24e-04,2.73e+05,-7.23e+00,68,3.05e+00,1.49e-01,1.13e-01,3.31e+00
7.18e-04,2.18e+05,7.39e-04,7.16e-04,2.53e+05,-7.24e+00,69,3.04e+00,1.48e-01,3.32e-02,3.23e+00
7.17e-04,2.17e+05,7.39e-04,7.25e-04,2.63e+05,-7.23e+00,70,3.04e+00,1.49e-01,1.09e-01,3.30e+00
7.12e-04,2.15e+05,7.34e-04,7.18e-04,2.64e+05,-7.24e+00,71,3.04e+00,1.50e-01,1.09e-01,3.30e+00
7.06e-04,2.11e+05,7.27e-04,7.21e-04,2.64e+05,-7.24e+00,72,3.05e+00,1.48e-01,2.49e-02,3.22e+00
7.03e-04,2.08e+05,7.24e-04,7.10e-04,2.49e+05,-7.25e+00,73,3.05e+00,1.50e-01,3.06e-02,3.23e+00
7.01e-04,2.06e+05,7.21e-04,7.22e-04,2.58e+05,-7.24e+00,74,3.05e+00,1.50e-01,2.47e-02,3.22e+00
7.04e-04,2.04e+05,7.24e-04,7.07e-04,2.61e+05,-7.26e+00,75,3.05e+00,1.53e-01,4.78e-02,3.25e+00
6.93e-04,2.01e+05,7.13e-04,7.15e-04,2.57e+05,-7.25e+00,76,3.13e+00,1.55e-01,1.09e-01,3.40e+00
6.91e-04,1.99e+05,7.11e-04,6.92e-04,2.45e+05,-7.28e+00,77,3.18e+00,1.58e-01,1.16e-01,3.46e+00
6.94e-04,1.99e+05,7.14e-04,7.10e-04,2.56e+05,-7.25e+00,78,3.19e+00,1.58e-01,3.75e-02,3.38e+00
7.01e-04,2.02e+05,7.21e-04,6.80e-04,2.56e+05,-7.30e+00,79,3.22e+00,1.58e-01,1.18e-01,3.50e+00
6.93e-04,1.93e+05,7.12e-04,6.80e-04,2.57e+05,-7.30e+00,80,3.13e+00,1.54e-01,1.23e-01,3.41e+00
6.85e-04,1.91e+05,7.04e-04,6.71e-04,2.35e+05,-7.31e+00,81,3.11e+00,1.51e-01,1.21e-01,3.38e+00
6.81e-04,1.90e+05,7.00e-04,6.74e-04,2.40e+05,-7.30e+00,82,3.08e+00,1.51e-01,1.06e-01,3.34e+00
6.79e-04,1.90e+05,6.98e-04,6.64e-04,2.44e+05,-7.32e+00,83,3.09e+00,1.52e-01,1.14e-01,3.36e+00
6.74e-04,1.85e+05,6.93e-04,6.61e-04,2.31e+05,-7.32e+00,84,3.12e+00,1.50e-01,3.05e-02,3.30e+00
6.69e-04,1.84e+05,6.87e-04,6.55e-04,2.19e+05,-7.33e+00,85,3.09e+00,1.53e-01,1.20e-01,3.36e+00
6.64e-04,1.80e+05,6.82e-04,6.55e-04,2.21e+05,-7.33e+00,86,3.09e+00,1.54e-01,1.22e-01,3.37e+00
6.61e-04,1.80e+05,6.79e-04,6.49e-04,2.24e+05,-7.34e+00,87,3.14e+00,1.52e-01,1.28e-01,3.43e+00
6.58e-04,1.78e+05,6.76e-04,6.59e-04,2.17e+05,-7.33e+00,88,3.09e+00,1.52e-01,1.09e-01,3.35e+00
6.58e-04,1.78e+05,6.76e-04,6.44e-04,2.11e+05,-7.35e+00,89,3.10e+00,1.57e-01,3.18e-02,3.29e+00
6.58e-04,1.79e+05,6.76e-04,6.57e-04,2.28e+05,-7.33e+00,90,3.10e+00,1.55e-01,6.16e-02,3.32e+00
6.54e-04,1.77e+05,6.72e-04,6.46e-04,2.09e+05,-7.35e+00,91,3.08e+00,1.51e-01,2.50e-02,3.26e+00
6.53e-04,1.73e+05,6.71e-04,6.56e-04,2.14e+05,-7.33e+00,92,3.17e+00,1.50e-01,8.39e-02,3.40e+00
6.51e-04,1.74e+05,6.68e-04,6.45e-04,2.17e+05,-7.35e+00,93,3.09e+00,1.55e-01,5.81e-02,3.30e+00
6.50e-04,1.71e+05,6.68e-04,6.62e-04,2.19e+05,-7.32e+00,94,3.07e+00,1.51e-01,2.47e-02,3.25e+00
6.48e-04,1.73e+05,6.65e-04,6.38e-04,2.13e+05,-7.36e+00,95,3.09e+00,1.52e-01,7.17e-02,3.31e+00
6.49e-04,1.71e+05,6.66e-04,6.43e-04,2.14e+05,-7.35e+00,96,3.09e+00,1.52e-01,1.10e-01,3.36e+00
6.42e-04,1.68e+05,6.59e-04,6.38e-04,2.08e+05,-7.36e+00,97,3.09e+00,1.51e-01,1.09e-01,3.35e+00
6.43e-04,1.67e+05,6.59e-04,6.48e-04,2.12e+05,-7.34e+00,98,3.11e+00,1.51e-01,1.06e-01,3.37e+00
6.43e-04,1.67e+05,6.60e-04,6.30e-04,2.09e+05,-7.37e+00,99,3.09e+00,1.57e-01,3.07e-02,3.28e+00
6.51e-04,1.69e+05,6.68e-04,6.38e-04,2.14e+05,-7.36e+00,100,3.11e+00,1.52e-01,2.57e-02,3.28e+00
6.45e-04,1.66e+05,6.62e-04,6.50e-04,2.24e+05,-7.34e+00,101,3.74e+00,1.54e-01,2.79e-02,3.92e+00
6.43e-04,1.67e+05,6.60e-04,6.60e-04,2.23e+05,-7.33e+00,102,3.07e+00,1.52e-01,2.48e-02,3.25e+00
6.41e-04,1.66e+05,6.58e-04,6.59e-04,2.15e+05,-7.33e+00,103,3.06e+00,1.51e-01,2.50e-02,3.24e+00
6.38e-04,1.65e+05,6.55e-04,6.59e-04,2.06e+05,-7.33e+00,104,3.06e+00,1.49e-01,4.32e-02,3.25e+00
6.38e-04,1.65e+05,6.55e-04,6.45e-04,2.03e+05,-7.35e+00,105,3.05e+00,1.48e-01,2.45e-02,3.22e+00
6.36e-04,1.64e+05,6.52e-04,6.34e-04,1.88e+05,-7.37e+00,106,3.01e+00,1.48e-01,2.49e-02,3.19e+00
6.34e-04,1.64e+05,6.50e-04,6.39e-04,1.87e+05,-7.36e+00,107,3.01e+00,1.48e-01,1.09e-01,3.27e+00
6.31e-04,1.61e+05,6.47e-04,6.27e-04,1.73e+05,-7.38e+00,108,3.03e+00,1.50e-01,1.23e-01,3.30e+00
6.28e-04,1.61e+05,6.44e-04,6.29e-04,1.75e+05,-7.37e+00,109,3.03e+00,1.48e-01,1.09e-01,3.28e+00
6.27e-04,1.59e+05,6.43e-04,6.18e-04,1.67e+05,-7.39e+00,110,3.02e+00,1.48e-01,1.16e-01,3.28e+00
6.25e-04,1.59e+05,6.41e-04,6.23e-04,1.68e+05,-7.38e+00,111,3.02e+00,1.49e-01,2.55e-02,3.20e+00
6.23e-04,1.59e+05,6.39e-04,6.14e-04,1.62e+05,-7.40e+00,112,3.04e+00,1.45e-01,3.07e-02,3.21e+00
6.20e-04,1.58e+05,6.36e-04,6.15e-04,1.62e+05,-7.40e+00,113,3.03e+00,1.50e-01,2.57e-02,3.21e+00
6.18e-04,1.55e+05,6.34e-04,6.08e-04,1.60e+05,-7.41e+00,114,3.05e+00,1.48e-01,1.16e-01,3.31e+00
6.17e-04,1.54e+05,6.32e-04,6.10e-04,1.58e+05,-7.40e+00,115,3.05e+00,1.51e-01,1.10e-01,3.31e+00
6.16e-04,1.52e+05,6.31e-04,6.10e-04,1.56e+05,-7.40e+00,116,3.06e+00,1.49e-01,1.10e-01,3.31e+00
6.16e-04,1.52e+05,6.31e-04,6.08e-04,1.59e+05,-7.41e+00,117,3.05e+00,1.50e-01,1.10e-01,3.32e+00
6.15e-04,1.50e+05,6.30e-04,6.03e-04,1.50e+05,-7.42e+00,118,3.06e+00,1.51e-01,1.15e-01,3.33e+00
6.17e-04,1.52e+05,6.32e-04,6.11e-04,1.58e+05,-7.40e+00,119,3.05e+00,1.49e-01,3.55e-02,3.24e+00
6.18e-04,1.52e+05,6.33e-04,6.03e-04,1.53e+05,-7.42e+00,120,3.06e+00,1.50e-01,1.15e-01,3.32e+00
6.18e-04,1.50e+05,6.33e-04,6.14e-04,1.66e+05,-7.40e+00,121,3.05e+00,1.49e-01,1.09e-01,3.31e+00
6.29e-04,1.52e+05,6.44e-04,6.85e-04,1.64e+05,-7.29e+00,122,3.05e+00,1.50e-01,1.07e-01,3.31e+00
6.29e-04,1.50e+05,6.44e-04,6.84e-04,1.69e+05,-7.29e+00,123,3.07e+00,1.50e-01,5.38e-02,3.28e+00
6.29e-04,1.47e+05,6.44e-04,6.33e-04,1.59e+05,-7.37e+00,124,3.07e+00,1.49e-01,2.48e-02,3.24e+00
6.28e-04,1.48e+05,6.42e-04,5.99e-04,1.47e+05,-7.42e+00,125,3.05e+00,1.50e-01,3.03e-02,3.23e+00
6.20e-04,1.46e+05,6.35e-04,5.95e-04,1.48e+05,-7.43e+00,126,3.05e+00,1.49e-01,1.16e-01,3.32e+00
6.19e-04,1.46e+05,6.33e-04,5.93e-04,1.54e+05,-7.43e+00,127,3.06e+00,1.49e-01,3.30e-02,3.25e+00
6.15e-04,1.45e+05,6.29e-04,5.93e-04,1.48e+05,-7.43e+00,128,3.05e+00,1.51e-01,1.16e-01,3.32e+00
6.09e-04,1.43e+05,6.24e-04,5.94e-04,1.48e+05,-7.43e+00,129,3.05e+00,1.50e-01,1.11e-01,3.31e+00
6.07e-04,1.42e+05,6.21e-04,6.05e-04,1.46e+05,-7.41e+00,130,3.04e+00,1.46e-01,1.09e-01,3.30e+00
6.02e-04,1.41e+05,6.16e-04,5.98e-04,1.44e+05,-7.42e+00,131,3.04e+00,1.49e-01,3.69e-02,3.22e+00
5.98e-04,1.40e+05,6.12e-04,5.95e-04,1.37e+05,-7.43e+00,132,3.03e+00,1.49e-01,1.10e-01,3.29e+00
5.92e-04,1.38e+05,6.06e-04,5.91e-04,1.37e+05,-7.44e+00,133,3.04e+00,1.49e-01,1.16e-01,3.30e+00
5.89e-04,1.37e+05,6.03e-04,5.92e-04,1.31e+05,-7.43e+00,134,3.06e+00,1.55e-01,1.12e-01,3.33e+00
5.86e-04,1.35e+05,6.00e-04,5.89e-04,1.35e+05,-7.44e+00,135,3.04e+00,1.50e-01,1.16e-01,3.31e+00
5.85e-04,1.33e+05,5.99e-04,5.78e-04,1.29e+05,-7.46e+00,136,3.04e+00,1.46e-01,1.18e-01,3.31e+00
5.82e-04,1.32e+05,5.95e-04,5.88e-04,1.38e+05,-7.44e+00,137,3.03e+00,1.50e-01,1.10e-01,3.28e+00
5.82e-04,1.32e+05,5.95e-04,5.79e-04,1.32e+05,-7.46e+00,138,3.04e+00,1.49e-01,1.10e-01,3.30e+00
5.80e-04,1.31e+05,5.94e-04,5.82e-04,1.36e+05,-7.45e+00,139,3.05e+00,1.47e-01,8.21e-02,3.28e+00
5.79e-04,1.31e+05,5.93e-04,5.84e-04,1.33e+05,-7.45e+00,140,3.05e+00,1.51e-01,1.10e-01,3.31e+00
5.78e-04,1.30e+05,5.91e-04,5.78e-04,1.31e+05,-7.46e+00,141,3.05e+00,1.49e-01,1.17e-01,3.32e+00
5.78e-04,1.30e+05,5.90e-04,5.87e-04,1.35e+05,-7.44e+00,142,3.05e+00,1.51e-01,1.10e-01,3.31e+00
5.76e-04,1.30e+05,5.89e-04,5.80e-04,1.37e+05,-7.45e+00,143,3.05e+00,1.51e-01,1.09e-01,3.31e+00
5.76e-04,1.30e+05,5.89e-04,5.90e-04,1.33e+05,-7.44e+00,144,3.05e+00,1.48e-01,1.10e-01,3.30e+00
5.76e-04,1.30e+05,5.89e-04,5.77e-04,1.36e+05,-7.46e+00,145,3.11e+00,1.52e-01,1.15e-01,3.37e+00
5.79e-04,1.29e+05,5.92e-04,5.92e-04,1.32e+05,-7.43e+00,146,3.11e+00,1.52e-01,3.76e-02,3.29e+00
5.79e-04,1.30e+05,5.92e-04,5.86e-04,1.35e+05,-7.45e+00,147,3.09e+00,1.50e-01,1.11e-01,3.35e+00
5.81e-04,1.31e+05,5.94e-04,5.83e-04,1.32e+05,-7.45e+00,148,3.07e+00,1.50e-01,1.10e-01,3.33e+00
5.84e-04,1.30e+05,5.97e-04,5.99e-04,1.32e+05,-7.42e+00,149,3.05e+00,1.50e-01,1.09e-01,3.31e+00
5.83e-04,1.31e+05,5.96e-04,6.10e-04,1.29e+05,-7.40e+00,150,3.05e+00,1.49e-01,1.10e-01,3.31e+00
5.82e-04,1.29e+05,5.95e-04,5.97e-04,1.30e+05,-7.43e+00,151,3.06e+00,1.50e-01,1.09e-01,3.32e+00
5.82e-04,1.29e+05,5.95e-04,6.05e-04,1.29e+05,-7.41e+00,152,3.05e+00,1.52e-01,3.69e-02,3.24e+00
5.84e-04,1.29e+05,5.97e-04,5.92e-04,1.32e+05,-7.43e+00,153,3.06e+00,1.50e-01,1.07e-01,3.31e+00
5.92e-04,1.30e+05,6.05e-04,5.82e-04,1.34e+05,-7.45e+00,154,3.07e+00,1.51e-01,2.47e-02,3.24e+00
6.05e-04,1.31e+05,6.18e-04,5.67e-04,1.44e+05,-7.48e+00,155,3.06e+00,1.49e-01,4.95e-02,3.26e+00
6.05e-04,1.31e+05,6.18e-04,5.71e-04,1.35e+05,-7.47e+00,156,3.06e+00,1.50e-01,1.10e-01,3.32e+00
6.00e-04,1.31e+05,6.13e-04,5.67e-04,1.23e+05,-7.48e+00,157,3.06e+00,1.50e-01,1.09e-01,3.32e+00
5.93e-04,1.29e+05,6.06e-04,5.67e-04,1.22e+05,-7.48e+00,158,3.06e+00,1.51e-01,1.10e-01,3.32e+00
5.88e-04,1.27e+05,6.01e-04,5.66e-04,1.22e+05,-7.48e+00,159,3.05e+00,1.50e-01,3.98e-02,3.25e+00
5.83e-04,1.27e+05,5.96e-04,5.70e-04,1.22e+05,-7.47e+00,160,3.06e+00,1.50e-01,1.08e-01,3.32e+00
5.79e-04,1.24e+05,5.92e-04,5.69e-04,1.19e+05,-7.47e+00,161,3.07e+00,1.50e-01,2.55e-02,3.25e+00
5.75e-04,1.22e+05,5.88e-04,5.64e-04,1.27e+05,-7.48e+00,162,3.06e+00,1.50e-01,3.04e-02,3.24e+00
5.74e-04,1.24e+05,5.87e-04,5.68e-04,1.27e+05,-7.47e+00,163,3.07e+00,1.48e-01,2.49e-02,3.24e+00
5.69e-04,1.20e+05,5.82e-04,5.65e-04,1.31e+05,-7.48e+00,164,3.05e+00,1.49e-01,6.91e-02,3.27e+00
5.69e-04,1.24e+05,5.82e-04,5.66e-04,1.25e+05,-7.48e+00,165,3.07e+00,3.23e-01,1.24e-01,3.52e+00
5.65e-04,1.22e+05,5.77e-04,5.64e-04,1.26e+05,-7.48e+00,166,3.09e+00,1.50e-01,1.22e-01,3.36e+00
5.63e-04,1.22e+05,5.75e-04,5.62e-04,1.17e+05,-7.49e+00,167,3.06e+00,1.50e-01,1.22e-01,3.33e+00
5.60e-04,1.20e+05,5.72e-04,5.62e-04,1.26e+05,-7.49e+00,168,3.28e+00,1.54e-01,1.21e-01,3.55e+00
5.58e-04,1.20e+05,5.70e-04,5.57e-04,1.13e+05,-7.49e+00,169,3.05e+00,1.51e-01,1.15e-01,3.32e+00
5.56e-04,1.17e+05,5.68e-04,5.57e-04,1.23e+05,-7.50e+00,170,3.05e+00,1.51e-01,1.16e-01,3.32e+00
5.56e-04,1.18e+05,5.68e-04,5.58e-04,1.18e+05,-7.49e+00,171,3.06e+00,4.73e-01,2.02e-01,3.74e+00
5.53e-04,1.17e+05,5.65e-04,5.56e-04,1.23e+05,-7.50e+00,172,3.09e+00,1.51e-01,3.55e-02,3.28e+00
5.51e-04,1.16e+05,5.63e-04,5.56e-04,1.13e+05,-7.50e+00,173,3.06e+00,1.49e-01,1.08e-01,3.31e+00
5.51e-04,1.15e+05,5.63e-04,5.57e-04,1.21e+05,-7.50e+00,174,3.07e+00,1.51e-01,2.45e-02,3.25e+00
5.53e-04,1.16e+05,5.64e-04,5.66e-04,1.16e+05,-7.48e+00,175,3.06e+00,1.49e-01,1.09e-01,3.32e+00
5.50e-04,1.15e+05,5.62e-04,5.57e-04,1.18e+05,-7.50e+00,176,3.05e+00,1.50e-01,1.09e-01,3.31e+00
5.51e-04,1.14e+05,5.63e-04,5.60e-04,1.15e+05,-7.49e+00,177,3.05e+00,1.51e-01,1.14e-01,3.32e+00
5.50e-04,1.15e+05,5.61e-04,5.52e-04,1.19e+05,-7.50e+00,178,3.05e+00,1.49e-01,1.15e-01,3.31e+00
5.48e-04,1.15e+05,5.59e-04,5.58e-04,1.14e+05,-7.49e+00,179,3.06e+00,1.51e-01,1.10e-01,3.32e+00
5.48e-04,1.14e+05,5.60e-04,5.52e-04,1.17e+05,-7.50e+00,180,3.06e+00,1.51e-01,1.09e-01,3.32e+00
5.48e-04,1.13e+05,5.59e-04,5.52e-04,1.17e+05,-7.50e+00,181,3.04e+00,1.50e-01,1.08e-01,3.30e+00
5.46e-04,1.13e+05,5.57e-04,5.52e-04,1.20e+05,-7.50e+00,182,3.05e+00,1.50e-01,2.49e-02,3.22e+00
5.46e-04,1.12e+05,5.58e-04,5.53e-04,1.16e+05,-7.50e+00,183,3.04e+00,6.34e-01,6.59e-02,3.74e+00
5.48e-04,1.13e+05,5.59e-04,5.54e-04,1.20e+05,-7.50e+00,184,3.32e+00,1.50e-01,1.06e-01,3.57e+00
5.50e-04,1.13e+05,5.61e-04,5.84e-04,1.12e+05,-7.45e+00,185,3.05e+00,1.49e-01,1.09e-01,3.31e+00
5.52e-04,1.12e+05,5.63e-04,5.73e-04,1.18e+05,-7.47e+00,186,3.03e+00,1.49e-01,1.08e-01,3.29e+00
5.51e-04,1.11e+05,5.62e-04,5.76e-04,1.13e+05,-7.46e+00,187,3.03e+00,1.49e-01,3.78e-02,3.22e+00
5.50e-04,1.13e+05,5.62e-04,5.54e-04,1.15e+05,-7.50e+00,188,3.01e+00,1.48e-01,7.73e-02,3.24e+00
5.50e-04,1.12e+05,5.61e-04,5.56e-04,1.08e+05,-7.50e+00,189,3.05e+00,1.48e-01,2.90e-02,3.22e+00
