train_mse_loss,train_inter_physics_loss,train_loss,valid_mse_loss,valid_inter_physics_loss,valid_loss,epoch,train_seconds,valid_seconds,checkpoint_seconds,total_seconds
6.60e-02,1.75e+08,6.60e-02,4.02e-03,8.66e+06,-5.52e+00,0,2.93e+00,1.38e-01,9.68e-02,3.16e+00
3.37e-03,5.42e+06,3.37e-03,2.54e-03,3.71e+06,-5.98e+00,1,2.90e+00,1.38e-01,4.61e-02,3.08e+00
2.31e-03,2.86e+06,2.31e-03,1.90e-03,2.22e+06,-6.27e+00,2,2.89e+00,1.38e-01,3.94e-02,3.06e+00
1.84e-03,1.89e+06,1.84e-03,1.68e-03,1.57e+06,-6.39e+00,3,2.87e+00,1.38e-01,4.60e-02,3.06e+00
1.58e-03,1.39e+06,1.58e-03,1.53e-03,1.24e+06,-6.49e+00,4,2.89e+00,1.46e-01,9.33e-02,3.13e+00
1.39e-03,1.13e+06,1.39e-03,1.35e-03,1.02e+06,-6.61e+00,5,2.90e+00,1.38e-01,3.86e-02,3.07e+00
1.28e-03,9.78e+05,1.28e-03,1.22e-03,9.12e+05,-6.71e+00,6,2.88e+00,1.38e-01,4.61e-02,3.06e+00
1.21e-03,8.68e+05,1.21e-03,1.16e-03,8.14e+05,-6.77e+00,7,2.89e+00,1.38e-01,4.59e-02,3.07e+00
1.16e-03,7.76e+05,1.16e-03,1.11e-03,7.32e+05,-6.80e+00,8,2.88e+00,1.38e-01,4.63e-02,3.07e+00
1.11e-03,7.06e+05,1.11e-03,1.07e-03,6.83e+05,-6.84e+00,9,2.90e+00,1.39e-01,4.57e-02,3.09e+00
1.09e-03,6.57e+05,1.09e-03,1.04e-03,6.32e+05,-6.87e+00,10,2.89e+00,1.38e-01,3.93e-02,3.07e+00
1.06e-03,6.10e+05,1.06e-03,1.00e-03,5.82e+05,-6.91e+00,11,2.88e+00,1.39e-01,4.47e-02,3.06e+00
1.04e-03,5.80e+05,1.04e-03,9.87e-04,5.61e+05,-6.92e+00,12,2.89e+00,1.39e-01,3.86e-02,3.07e+00
1.03e-03,5.53e+05,1.03e-03,9.76e-04,5.58e+05,-6.94e+00,13,2.88e+00,1.38e-01,4.53e-02,3.06e+00
1.02e-03,5.29e+05,1.02e-03,9.51e-04,5.27e+05,-6.96e+00,14,2.90e+00,1.38e-01,4.64e-02,3.08e+00
1.00e-03,5.03e+05,1.00e-03,9.37e-04,5.21e+05,-6.98e+00,15,2.89e+00,1.39e-01,3.93e-02,3.06e+00
9.89e-04,4.88e+05,9.89e-04,9.18e-04,5.00e+05,-7.00e+00,16,2.88e+00,1.38e-01,4.52e-02,3.06e+00
9.74e-04,4.69e+05,9.74e-04,9.03e-04,4.79e+05,-7.01e+00,17,2.89e+00,1.39e-01,4.60e-02,3.07e+00
9.65e-04,4.52e+05,9.65e-04,9.01e-04,4.53e+05,-7.01e+00,18,2.89e+00,1.39e-01,3.86e-02,3.06e+00
9.56e-04,4.38e+05,9.56e-04,8.84e-04,4.34e+05,-7.03e+00,19,2.88e+00,1.39e-01,4.37e-02,3.06e+00
9.42e-04,4.21e+05,9.42e-04,8.73e-04,4.18e+05,-7.05e+00,20,2.89e+00,1.39e-01,4.68e-02,3.07e+00
9.29e-04,4.06e+05,9.29e-04,8.72e-04,3.92e+05,-7.05e+00,21,2.89e+00,1.38e-01,3.87e-02,3.07e+00
9.20e-04,3.97e+05,9.20e-04,8.64e-04,3.71e+05,-7.06e+00,22,2.88e+00,1.39e-01,4.52e-02,3.06e+00
9.12e-04,3.86e+05,9.12e-04,8.65e-04,3.59e+05,-7.06e+00,23,2.89e+00,1.39e-01,3.28e-02,3.06e+00
9.02e-04,3.73e+05,9.02e-04,8.66e-04,3.64e+05,-7.06e+00,24,2.90e+00,1.38e-01,3.29e-02,3.07e+00
8.97e-04,3.62e+05,8.97e-04,8.59e-04,3.50e+05,-7.06e+00,25,2.88e+00,1.39e-01,4.70e-02,3.07e+00
8.91e-04,3.59e+05,8.91e-04,8.60e-04,3.44e+05,-7.06e+00,26,2.89e+00,1.38e-01,3.30e-02,3.07e+00
8.86e-04,3.46e+05,8.86e-04,8.65e-04,3.23e+05,-7.06e+00,27,2.90e+00,1.39e-01,3.28e-02,3.07e+00
8.81e-04,3.40e+05,8.81e-04,8.59e-04,3.28e+05,-7.06e+00,28,2.90e+00,1.38e-01,3.28e-02,3.07e+00
8.75e-04,3.34e+05,8.75e-04,8.55e-04,3.12e+05,-7.07e+00,29,2.90e+00,1.39e-01,4.52e-02,3.08e+00
8.73e-04,3.29e+05,8.73e-04,8.43e-04,3.13e+05,-7.08e+00,30,2.89e+00,1.39e-01,3.90e-02,3.07e+00
8.76e-04,3.26e+05,8.76e-04,8.37e-04,3.14e+05,-7.09e+00,31,2.88e+00,1.39e-01,3.89e-02,3.06e+00
8.76e-04,3.22e+05,8.76e-04,8.36e-04,3.05e+05,-7.09e+00,32,2.89e+00,1.39e-01,4.72e-02,3.07e+00
8.72e-04,3.17e+05,8.72e-04,8.41e-04,3.01e+05,-7.08e+00,33,2.90e+00,1.39e-01,3.30e-02,3.07e+00
8.66e-04,3.08e+05,8.66e-04,8.49e-04,2.94e+05,-7.07e+00,34,2.90e+00,1.38e-01,3.30e-02,3.07e+00
8.59e-04,3.00e+05,8.59e-04,8.48e-04,2.89e+05,-7.08e+00,35,2.90e+00,1.39e-01,3.31e-02,3.07e+00
8.52e-04,2.96e+05,8.52e-04,8.51e-04,2.91e+05,-7.07e+00,36,2.90e+00,1.38e-01,3.28e-02,3.07e+00
8.46e-04,2.90e+05,8.46e-04,8.45e-04,2.79e+05,-7.08e+00,37,2.90e+00,1.38e-01,3.29e-02,3.07e+00
8.38e-04,2.85e+05,8.38e-04,8.43e-04,2.80e+05,-7.08e+00,38,2.90e+00,1.39e-01,3.27e-02,3.08e+00
8.29e-04,2.78e+05,8.29e-04,8.35e-04,2.79e+05,-7.09e+00,39,2.88e+00,1.39e-01,3.79e-02,3.06e+00
8.21e-04,2.76e+05,8.21e-04,8.29e-04,2.76e+05,-7.10e+00,40,2.89e+00,1.39e-01,4.82e-02,3.07e+00
8.14e-04,2.72e+05,8.14e-04,8.25e-04,2.65e+05,-7.10e+00,41,2.89e+00,1.39e-01,3.88e-02,3.07e+00
8.10e-04,2.68e+05,8.10e-04,8.24e-04,2.66e+05,-7.10e+00,42,2.88e+00,1.39e-01,3.85e-02,3.06e+00
8.03e-04,2.66e+05,8.03e-04,8.13e-04,2.68e+05,-7.12e+00,43,2.89e+00,1.39e-01,4.55e-02,3.07e+00
7.96e-04,2.60e+05,7.96e-04,8.07e-04,2.65e+05,-7.13e+00,44,2.90e+00,1.38e-01,3.91e-02,3.07e+00
7.88e-04,2.55e+05,7.88e-04,8.01e-04,2.62e+05,-7.13e+00,45,2.88e+00,1.39e-01,4.70e-02,3.07e+00
7.84e-04,2.51e+05,7.84e-04,7.95e-04,2.64e+05,-7.14e+00,46,2.89e+00,1.39e-01,4.57e-02,3.08e+00
7.80e-04,2.47e+05,7.80e-04,7.91e-04,2.58e+05,-7.15e+00,47,2.90e+00,1.42e-01,4.50e-02,3.09e+00
7.73e-04,2.44e+05,7.73e-04,7.84e-04,2.49e+05,-7.15e+00,48,2.91e+00,1.38e-01,3.85e-02,3.08e+00
7.70e-04,2.41e+05,7.70e-04,7.85e-04,2.69e+05,-7.15e+00,49,2.90e+00,1.40e-01,3.31e-02,3.07e+00
7.65e-04,2.40e+05,7.65e-04,7.72e-04,2.52e+05,-7.17e+00,50,2.90e+00,1.38e-01,3.93e-02,3.08e+00
7.62e-04,2.37e+05,7.62e-04,7.62e-04,2.48e+05,-7.18e+00,51,2.89e+00,1.39e-01,4.21e-02,3.07e+00
7.59e-04,2.35e+05,7.59e-04,7.59e-04,2.43e+05,-7.19e+00,52,2.89e+00,1.39e-01,4.59e-02,3.07e+00
7.56e-04,2.32e+05,7.56e-04,7.61e-04,2.44e+05,-7.18e+00,53,2.89e+00,1.39e-01,3.27e-02,3.06e+00
7.52e-04,2.30e+05,7.52e-04,7.61e-04,2.36e+05,-7.18e+00,54,2.91e+00,1.39e-01,3.27e-02,3.08e+00
7.48e-04,2.25e+05,7.48e-04,7.53e-04,2.41e+05,-7.19e+00,55,2.90e+00,1.39e-01,4.59e-02,3.09e+00
7.44e-04,2.21e+05,7.44e-04,7.49e-04,2.30e+05,-7.20e+00,56,2.89e+00,1.39e-01,3.86e-02,3.07e+00
7.38e-04,2.19e+05,7.38e-04,7.53e-04,2.28e+05,-7.19e+00,57,2.88e+00,1.39e-01,3.29e-02,3.05e+00
7.35e-04,2.20e+05,7.35e-04,7.46e-04,2.20e+05,-7.20e+00,58,2.88e+00,1.38e-01,4.55e-02,3.07e+00
7.30e-04,2.14e+05,7.30e-04,7.37e-04,2.27e+05,-7.22e+00,59,2.89e+00,1.39e-01,4.59e-02,3.08e+00
7.28e-04,2.13e+05,7.28e-04,7.34e-04,2.18e+05,-7.22e+00,60,2.89e+00,1.39e-01,4.58e-02,3.08e+00
7.26e-04,2.11e+05,7.26e-04,7.30e-04,2.19e+05,-7.22e+00,61,2.89e+00,1.39e-01,4.46e-02,3.07e+00
7.24e-04,2.07e+05,7.24e-04,7.43e-04,2.18e+05,-7.21e+00,62,2.89e+00,1.39e-01,3.27e-02,3.06e+00
7.23e-04,2.09e+05,7.23e-04,7.41e-04,2.24e+05,-7.21e+00,63,2.90e+00,1.39e-01,3.27e-02,3.07e+00
7.24e-04,2.08e+05,7.24e-04,7.33e-04,2.16e+05,-7.22e+00,64,2.89e+00,1.39e-01,3.29e-02,3.06e+00
7.25e-04,2.09e+05,7.25e-04,7.36e-04,2.15e+05,-7.22e+00,65,2.90e+00,1.39e-01,3.32e-02,3.07e+00
7.29e-04,2.06e+05,7.29e-04,7.40e-04,2.12e+05,-7.21e+00,66,2.88e+00,1.38e-01,3.28e-02,3.05e+00
7.30e-04,2.04e+05,7.30e-04,7.35e-04,2.02e+05,-7.22e+00,67,2.90e+00,1.39e-01,3.30e-02,3.07e+00
7.32e-04,2.04e+05,7.32e-04,7.49e-04,1.90e+05,-7.20e+00,68,2.90e+00,1.39e-01,3.32e-02,3.07e+00
7.39e-04,2.04e+05,7.39e-04,7.82e-04,2.03e+05,-7.16e+00,69,2.89e+00,1.38e-01,3.28e-02,3.06e+00
7.45e-04,2.06e+05,7.45e-04,7.80e-04,1.96e+05,-7.16e+00,70,3.06e+00,1.65e-01,3.85e-02,3.27e+00
7.41e-04,2.03e+05,7.41e-04,7.59e-04,1.81e+05,-7.19e+00,71,4.03e+00,2.09e-01,4.26e-02,4.28e+00
7.30e-04,2.00e+05,7.30e-04,7.41e-04,1.84e+05,-7.21e+00,72,4.46e+00,2.03e-01,4.06e-02,4.70e+00
7.20e-04,1.94e+05,7.20e-04,7.38e-04,1.86e+05,-7.21e+00,73,4.36e+00,2.03e-01,4.19e-02,4.61e+00
7.14e-04,1.93e+05,7.14e-04,7.29e-04,1.76e+05,-7.23e+00,74,3.92e+00,1.82e-01,5.07e-02,4.15e+00
7.07e-04,1.89e+05,7.07e-04,7.23e-04,1.82e+05,-7.23e+00,75,3.94e+00,1.82e-01,4.88e-02,4.17e+00
7.01e-04,1.88e+05,7.01e-04,7.19e-04,1.79e+05,-7.24e+00,76,3.95e+00,1.82e-01,5.01e-02,4.18e+00
6.97e-04,1.88e+05,6.97e-04,7.21e-04,1.81e+05,-7.24e+00,77,3.91e+00,1.80e-01,3.46e-01,4.44e+00
6.93e-04,1.86e+05,6.93e-04,7.17e-04,1.74e+05,-7.24e+00,78,5.15e+00,1.98e-01,1.70e-01,5.52e+00
6.88e-04,1.84e+05,6.88e-04,7.10e-04,1.74e+05,-7.25e+00,79,4.95e+00,2.07e-01,7.66e-02,5.23e+00
6.83e-04,1.82e+05,6.83e-04,7.08e-04,1.69e+05,-7.25e+00,80,4.24e+00,1.82e-01,5.05e-02,4.48e+00
6.80e-04,1.79e+05,6.80e-04,7.05e-04,1.80e+05,-7.26e+00,81,3.89e+00,1.81e-01,5.01e-02,4.12e+00
6.78e-04,1.77e+05,6.78e-04,7.05e-04,1.78e+05,-7.26e+00,82,3.87e+00,1.81e-01,4.78e-02,4.10e+00
6.76e-04,1.78e+05,6.76e-04,6.97e-04,1.78e+05,-7.27e+00,83,3.89e+00,1.81e-01,3.89e-02,4.11e+00
6.74e-04,1.77e+05,6.74e-04,6.97e-04,1.73e+05,-7.27e+00,84,3.89e+00,1.80e-01,4.29e-02,4.11e+00
6.74e-04,1.75e+05,6.74e-04,6.84e-04,1.78e+05,-7.29e+00,85,3.89e+00,1.82e-01,5.02e-02,4.12e+00
6.72e-04,1.73e+05,6.72e-04,7.01e-04,1.77e+05,-7.27e+00,86,3.89e+00,1.81e-01,4.30e-02,4.12e+00
6.72e-04,1.75e+05,6.72e-04,6.92e-04,1.76e+05,-7.28e+00,87,3.90e+00,1.81e-01,4.28e-02,4.12e+00
6.69e-04,1.75e+05,6.69e-04,7.00e-04,1.81e+05,-7.27e+00,88,3.89e+00,1.82e-01,4.30e-02,4.12e+00
6.69e-04,1.73e+05,6.69e-04,6.89e-04,1.79e+05,-7.28e+00,89,4.15e+00,1.98e-01,4.13e-02,4.39e+00
6.68e-04,1.72e+05,6.68e-04,6.92e-04,1.82e+05,-7.28e+00,90,4.26e+00,1.97e-01,4.05e-02,4.50e+00
6.68e-04,1.72e+05,6.68e-04,6.98e-04,1.72e+05,-7.27e+00,91,3.89e+00,1.80e-01,4.34e-02,4.11e+00
6.70e-04,1.73e+05,6.70e-04,6.88e-04,1.84e+05,-7.28e+00,92,3.75e+00,1.73e-01,3.69e-02,3.96e+00
6.75e-04,1.72e+05,6.75e-04,7.05e-04,1.84e+05,-7.26e+00,93,3.59e+00,1.72e-01,3.00e-02,3.79e+00
6.76e-04,1.74e+05,6.76e-04,7.06e-04,1.83e+05,-7.26e+00,94,3.09e+00,1.39e-01,3.27e-02,3.26e+00
6.85e-04,1.77e+05,6.85e-04,7.34e-04,1.83e+05,-7.22e+00,95,2.90e+00,1.40e-01,3.30e-02,3.07e+00
6.85e-04,1.78e+05,6.85e-04,7.35e-04,1.80e+05,-7.22e+00,96,2.89e+00,1.39e-01,3.26e-02,3.06e+00
6.85e-04,1.82e+05,6.85e-04,7.03e-04,1.80e+05,-7.26e+00,97,2.89e+00,1.39e-01,3.26e-02,3.06e+00
6.89e-04,1.82e+05,6.89e-04,6.92e-04,1.91e+05,-7.28e+00,98,2.90e+00,1.39e-01,3.26e-02,3.07e+00
6.91e-04,1.79e+05,6.91e-04,6.87e-04,1.89e+05,-7.29e+00,99,2.89e+00,1.40e-01,3.28e-02,3.06e+00
6.87e-04,1.74e+05,6.87e-04,6.89e-04,1.70e+05,-7.28e+00,100,2.88e+00,1.39e-01,3.32e-02,3.06e+00
6.81e-04,1.69e+05,6.81e-04,6.95e-04,1.67e+05,-7.27e+00,101,2.90e+00,1.39e-01,3.25e-02,3.07e+00
6.80e-04,1.67e+05,6.80e-04,7.02e-04,1.58e+05,-7.26e+00,102,2.89e+00,1.39e-01,4.12e-02,3.07e+00
