train_mse_loss,train_inter_physics_loss,train_loss,valid_mse_loss,valid_inter_physics_loss,valid_loss,epoch,train_seconds,valid_seconds,checkpoint_seconds,total_seconds
1.94e-03,1.05e+06,2.04e-03,1.88e-03,9.15e+05,-6.28e+00,8,4.96e+00,2.34e-01,3.97e-02,5.23e+00
1.86e-03,9.01e+05,1.95e-03,1.81e-03,8.30e+05,-6.32e+00,9,4.85e+00,2.29e-01,4.36e-02,5.13e+00
1.79e-03,8.25e+05,1.87e-03,1.79e-03,8.11e+05,-6.33e+00,10,4.82e+00,2.27e-01,4.37e-02,5.09e+00
1.73e-03,7.79e+05,1.81e-03,1.77e-03,8.14e+05,-6.34e+00,11,4.99e+00,2.34e-01,4.40e-02,5.26e+00
1.68e-03,7.31e+05,1.75e-03,1.72e-03,7.80e+05,-6.37e+00,12,5.05e+00,2.32e-01,4.47e-02,5.32e+00
1.64e-03,6.97e+05,1.71e-03,1.72e-03,7.33e+05,-6.37e+00,13,4.95e+00,2.46e-01,3.82e-02,5.24e+00
1.60e-03,6.68e+05,1.67e-03,1.71e-03,7.68e+05,-6.38e+00,14,5.06e+00,2.38e-01,4.46e-02,5.34e+00
1.57e-03,6.62e+05,1.63e-03,1.72e-03,7.70e+05,-6.37e+00,15,5.04e+00,2.36e-01,3.71e-02,5.31e+00
1.53e-03,6.33e+05,1.59e-03,1.69e-03,7.22e+05,-6.39e+00,16,4.85e+00,2.29e-01,4.28e-02,5.12e+00
1.49e-03,6.17e+05,1.55e-03,1.64e-03,7.00e+05,-6.41e+00,17,4.79e+00,2.35e-01,4.47e-02,5.07e+00
1.44e-03,5.99e+05,1.50e-03,1.63e-03,7.32e+05,-6.42e+00,18,4.82e+00,2.31e-01,4.37e-02,5.10e+00
1.42e-03,5.85e+05,1.48e-03,1.63e-03,7.62e+05,-6.42e+00,19,4.79e+00,2.24e-01,3.84e-02,5.06e+00
1.38e-03,5.69e+05,1.44e-03,1.52e-03,7.32e+05,-6.49e+00,20,4.81e+00,2.23e-01,4.30e-02,5.08e+00
1.36e-03,5.51e+05,1.42e-03,1.51e-03,7.49e+05,-6.50e+00,21,4.81e+00,2.30e-01,4.32e-02,5.08e+00
1.31e-03,5.31e+05,1.36e-03,1.45e-03,6.94e+05,-6.54e+00,22,4.79e+00,2.30e-01,4.32e-02,5.06e+00
1.28e-03,5.12e+05,1.33e-03,1.43e-03,6.68e+05,-6.55e+00,23,4.79e+00,2.33e-01,4.28e-02,5.06e+00
1.25e-03,4.92e+05,1.29e-03,1.39e-03,6.10e+05,-6.58e+00,24,4.78e+00,2.24e-01,4.23e-02,5.04e+00
1.22e-03,4.75e+05,1.27e-03,1.38e-03,5.71e+05,-6.59e+00,25,4.78e+00,2.37e-01,4.34e-02,5.06e+00
1.19e-03,4.62e+05,1.24e-03,1.37e-03,5.33e+05,-6.60e+00,26,4.79e+00,2.30e-01,4.28e-02,5.06e+00
1.17e-03,4.51e+05,1.21e-03,1.33e-03,5.35e+05,-6.62e+00,27,4.77e+00,2.23e-01,4.30e-02,5.04e+00
1.16e-03,4.37e+05,1.20e-03,1.36e-03,5.07e+05,-6.61e+00,28,4.75e+00,2.29e-01,3.51e-02,5.01e+00
1.13e-03,4.25e+05,1.17e-03,1.29e-03,4.81e+05,-6.65e+00,29,4.76e+00,2.22e-01,4.31e-02,5.02e+00
1.10e-03,4.09e+05,1.14e-03,1.27e-03,4.69e+05,-6.67e+00,30,4.77e+00,2.27e-01,4.60e-02,5.04e+00
1.08e-03,4.01e+05,1.12e-03,1.27e-03,4.67e+05,-6.67e+00,31,4.79e+00,2.31e-01,3.54e-02,5.05e+00
1.07e-03,3.90e+05,1.11e-03,1.25e-03,4.68e+05,-6.68e+00,32,4.77e+00,2.23e-01,4.28e-02,5.03e+00
1.05e-03,3.81e+05,1.09e-03,1.26e-03,4.33e+05,-6.68e+00,33,4.77e+00,2.24e-01,3.53e-02,5.03e+00
1.04e-03,3.74e+05,1.07e-03,1.21e-03,4.24e+05,-6.72e+00,34,4.79e+00,2.27e-01,4.28e-02,5.06e+00
1.02e-03,3.65e+05,1.06e-03,1.15e-03,3.95e+05,-6.77e+00,35,4.77e+00,2.26e-01,4.29e-02,5.04e+00
1.01e-03,3.57e+05,1.05e-03,1.17e-03,4.16e+05,-6.75e+00,36,4.79e+00,2.23e-01,3.95e-02,5.05e+00
1.00e-03,3.50e+05,1.03e-03,1.15e-03,3.74e+05,-6.77e+00,37,4.79e+00,2.23e-01,4.55e-02,5.06e+00
9.91e-04,3.46e+05,1.03e-03,1.10e-03,4.02e+05,-6.82e+00,38,4.84e+00,2.33e-01,4.28e-02,5.12e+00
1.01e-03,3.41e+05,1.05e-03,9.49e-04,4.10e+05,-6.96e+00,39,4.81e+00,2.26e-01,4.33e-02,5.08e+00
9.73e-04,3.31e+05,1.01e-03,9.49e-04,4.41e+05,-6.96e+00,40,4.83e+00,2.20e-01,3.60e-02,5.08e+00
9.56e-04,3.21e+05,9.88e-04,9.21e-04,3.86e+05,-6.99e+00,41,4.79e+00,2.17e-01,4.22e-02,5.05e+00
9.39e-04,3.15e+05,9.70e-04,9.11e-04,4.06e+05,-7.00e+00,42,4.84e+00,2.36e-01,4.32e-02,5.12e+00
9.47e-04,3.09e+05,9.78e-04,8.93e-04,3.65e+05,-7.02e+00,43,4.91e+00,2.39e-01,4.38e-02,5.19e+00
9.15e-04,2.98e+05,9.45e-04,8.94e-04,3.79e+05,-7.02e+00,44,4.92e+00,2.27e-01,4.01e-02,5.19e+00
9.15e-04,2.93e+05,9.44e-04,8.85e-04,3.60e+05,-7.03e+00,45,4.94e+00,2.28e-01,4.60e-02,5.21e+00
9.07e-04,2.88e+05,9.36e-04,8.75e-04,3.55e+05,-7.04e+00,46,4.88e+00,2.34e-01,4.36e-02,5.16e+00
8.97e-04,2.84e+05,9.25e-04,8.60e-04,3.29e+05,-7.06e+00,47,4.89e+00,2.30e-01,4.39e-02,5.17e+00
8.86e-04,2.74e+05,9.14e-04,8.53e-04,3.22e+05,-7.07e+00,48,4.85e+00,2.31e-01,4.48e-02,5.12e+00
8.77e-04,2.71e+05,9.04e-04,8.41e-04,3.17e+05,-7.08e+00,49,4.92e+00,2.38e-01,4.35e-02,5.20e+00
8.74e-04,2.66e+05,9.01e-04,8.34e-04,3.05e+05,-7.09e+00,50,4.92e+00,2.31e-01,4.84e-02,5.20e+00
8.65e-04,2.62e+05,8.91e-04,8.32e-04,3.13e+05,-7.09e+00,51,4.88e+00,2.38e-01,4.39e-02,5.16e+00
8.64e-04,2.59e+05,8.90e-04,8.27e-04,3.01e+05,-7.10e+00,52,4.88e+00,2.29e-01,4.29e-02,5.15e+00
8.54e-04,2.52e+05,8.80e-04,8.20e-04,2.83e+05,-7.11e+00,53,4.88e+00,2.28e-01,4.33e-02,5.15e+00
8.61e-04,2.52e+05,8.87e-04,8.32e-04,2.91e+05,-7.09e+00,54,4.81e+00,2.05e-01,3.44e-02,5.05e+00
8.53e-04,2.47e+05,8.78e-04,8.01e-04,2.58e+05,-7.13e+00,55,4.72e+00,2.30e-01,4.26e-02,4.99e+00
8.36e-04,2.42e+05,8.61e-04,7.99e-04,2.62e+05,-7.13e+00,56,4.79e+00,2.35e-01,4.34e-02,5.07e+00
8.32e-04,2.38e+05,8.56e-04,7.96e-04,2.56e+05,-7.14e+00,57,5.11e+00,2.59e-01,4.99e-02,5.42e+00
8.31e-04,2.36e+05,8.55e-04,7.87e-04,2.48e+05,-7.15e+00,58,5.38e+00,2.63e-01,5.07e-02,5.70e+00
8.30e-04,2.35e+05,8.53e-04,7.98e-04,2.51e+05,-7.14e+00,59,5.12e+00,2.45e-01,4.02e-02,5.41e+00
8.26e-04,2.31e+05,8.49e-04,7.86e-04,2.35e+05,-7.15e+00,60,4.92e+00,2.26e-01,4.34e-02,5.19e+00
8.16e-04,2.27e+05,8.39e-04,7.97e-04,2.35e+05,-7.14e+00,61,4.85e+00,2.34e-01,3.64e-02,5.12e+00
8.10e-04,2.25e+05,8.33e-04,7.77e-04,2.29e+05,-7.16e+00,62,4.81e+00,2.28e-01,4.27e-02,5.08e+00
8.07e-04,2.23e+05,8.29e-04,7.82e-04,2.38e+05,-7.16e+00,63,4.79e+00,2.32e-01,3.53e-02,5.06e+00
8.01e-04,2.20e+05,8.23e-04,7.72e-04,2.24e+05,-7.17e+00,64,4.82e+00,2.32e-01,4.31e-02,5.09e+00
7.99e-04,2.17e+05,8.21e-04,7.73e-04,2.30e+05,-7.17e+00,65,4.81e+00,2.26e-01,3.57e-02,5.08e+00
7.91e-04,2.16e+05,8.13e-04,7.74e-04,2.32e+05,-7.17e+00,66,4.82e+00,2.23e-01,3.58e-02,5.08e+00
7.92e-04,2.15e+05,8.14e-04,7.82e-04,2.42e+05,-7.16e+00,67,4.80e+00,2.33e-01,3.51e-02,5.07e+00
7.89e-04,2.12e+05,8.10e-04,7.64e-04,2.30e+05,-7.18e+00,68,4.80e+00,2.26e-01,4.28e-02,5.07e+00
7.83e-04,2.08e+05,8.04e-04,7.68e-04,2.33e+05,-7.17e+00,69,4.80e+00,2.26e-01,3.62e-02,5.07e+00
7.81e-04,2.08e+05,8.02e-04,7.70e-04,2.34e+05,-7.17e+00,70,4.79e+00,2.25e-01,3.64e-02,5.05e+00
7.83e-04,2.08e+05,8.04e-04,7.73e-04,2.33e+05,-7.17e+00,71,4.80e+00,2.33e-01,3.55e-02,5.07e+00
7.86e-04,2.07e+05,8.07e-04,7.71e-04,2.28e+05,-7.17e+00,72,5.03e+00,2.29e-01,4.23e-02,5.30e+00
7.83e-04,2.05e+05,8.04e-04,8.01e-04,2.25e+05,-7.13e+00,73,4.85e+00,2.29e-01,3.57e-02,5.11e+00
7.79e-04,2.03e+05,8.00e-04,8.06e-04,2.18e+05,-7.13e+00,74,4.80e+00,2.27e-01,3.56e-02,5.07e+00
7.82e-04,2.01e+05,8.02e-04,8.21e-04,2.19e+05,-7.11e+00,75,5.73e+00,2.36e-01,4.21e-02,6.00e+00
7.69e-04,1.99e+05,7.89e-04,8.02e-04,2.10e+05,-7.13e+00,76,4.80e+00,2.21e-01,3.53e-02,5.06e+00
7.67e-04,1.95e+05,7.87e-04,8.02e-04,2.04e+05,-7.13e+00,77,4.83e+00,2.30e-01,3.94e-02,5.09e+00
7.62e-04,1.91e+05,7.81e-04,7.87e-04,1.97e+05,-7.15e+00,78,4.81e+00,2.34e-01,3.59e-02,5.08e+00
7.62e-04,1.89e+05,7.81e-04,7.97e-04,2.06e+05,-7.14e+00,79,4.83e+00,2.22e-01,4.06e-02,5.09e+00
