train_mse_loss,train_inter_physics_loss,train_loss,valid_mse_loss,valid_inter_physics_loss,valid_loss,epoch,train_seconds,valid_seconds,checkpoint_seconds,total_seconds
1.97e-03,1.02e+06,2.08e-03,1.94e-03,1.04e+06,-6.25e+00,8,4.85e+00,2.28e-01,3.80e-02,5.12e+00
1.89e-03,8.74e+05,1.97e-03,1.83e-03,9.71e+05,-6.31e+00,9,4.86e+00,2.31e-01,4.41e-02,5.14e+00
1.83e-03,8.12e+05,1.91e-03,1.75e-03,9.01e+05,-6.36e+00,10,4.89e+00,2.27e-01,4.34e-02,5.16e+00
1.77e-03,7.75e+05,1.84e-03,1.70e-03,8.29e+05,-6.39e+00,11,4.86e+00,2.31e-01,4.42e-02,5.13e+00
1.71e-03,7.31e+05,1.78e-03,1.64e-03,7.73e+05,-6.42e+00,12,4.87e+00,2.35e-01,4.36e-02,5.15e+00
1.66e-03,6.96e+05,1.73e-03,1.59e-03,7.07e+05,-6.45e+00,13,4.86e+00,2.32e-01,4.33e-02,5.13e+00
1.61e-03,6.61e+05,1.67e-03,1.57e-03,6.61e+05,-6.46e+00,14,4.83e+00,2.26e-01,4.27e-02,5.10e+00
1.57e-03,6.42e+05,1.63e-03,1.55e-03,6.80e+05,-6.48e+00,15,4.84e+00,2.34e-01,4.34e-02,5.12e+00
1.53e-03,6.18e+05,1.59e-03,1.50e-03,6.59e+05,-6.50e+00,16,4.84e+00,2.31e-01,4.30e-02,5.12e+00
1.50e-03,5.98e+05,1.56e-03,1.46e-03,6.69e+05,-6.53e+00,17,4.84e+00,2.26e-01,4.24e-02,5.11e+00
1.47e-03,5.77e+05,1.53e-03,1.41e-03,6.37e+05,-6.57e+00,18,4.88e+00,2.27e-01,4.30e-02,5.15e+00
1.44e-03,5.62e+05,1.50e-03,1.39e-03,5.98e+05,-6.58e+00,19,4.85e+00,2.29e-01,4.27e-02,5.12e+00
1.41e-03,5.37e+05,1.46e-03,1.36e-03,5.95e+05,-6.60e+00,20,4.86e+00,2.33e-01,4.43e-02,5.14e+00
1.38e-03,5.22e+05,1.43e-03,1.32e-03,5.53e+05,-6.64e+00,21,4.91e+00,2.40e-01,4.29e-02,5.19e+00
1.35e-03,5.00e+05,1.40e-03,1.29e-03,5.60e+05,-6.66e+00,22,4.89e+00,2.29e-01,4.31e-02,5.16e+00
1.32e-03,4.84e+05,1.37e-03,1.26e-03,5.39e+05,-6.68e+00,23,4.88e+00,2.28e-01,4.28e-02,5.15e+00
1.29e-03,4.76e+05,1.34e-03,1.22e-03,5.14e+05,-6.71e+00,24,4.86e+00,2.31e-01,4.28e-02,5.14e+00
1.27e-03,4.57e+05,1.32e-03,1.20e-03,5.06e+05,-6.73e+00,25,4.86e+00,2.28e-01,4.23e-02,5.13e+00
1.25e-03,4.43e+05,1.29e-03,1.17e-03,4.87e+05,-6.75e+00,26,4.87e+00,2.27e-01,4.25e-02,5.14e+00
1.23e-03,4.37e+05,1.27e-03,1.15e-03,4.67e+05,-6.77e+00,27,4.86e+00,2.34e-01,4.28e-02,5.14e+00
1.20e-03,4.22e+05,1.24e-03,1.13e-03,4.62e+05,-6.79e+00,28,4.85e+00,2.38e-01,4.28e-02,5.13e+00
1.18e-03,4.14e+05,1.22e-03,1.10e-03,4.27e+05,-6.82e+00,29,4.86e+00,2.29e-01,4.40e-02,5.14e+00
1.16e-03,4.02e+05,1.20e-03,1.08e-03,4.25e+05,-6.84e+00,30,4.86e+00,2.31e-01,4.41e-02,5.13e+00
1.14e-03,3.91e+05,1.17e-03,1.06e-03,3.91e+05,-6.85e+00,31,4.87e+00,2.29e-01,4.28e-02,5.14e+00
1.11e-03,3.81e+05,1.15e-03,1.03e-03,3.93e+05,-6.88e+00,32,4.87e+00,2.32e-01,4.25e-02,5.15e+00
1.09e-03,3.67e+05,1.13e-03,1.03e-03,3.80e+05,-6.88e+00,33,4.86e+00,2.30e-01,4.25e-02,5.13e+00
1.07e-03,3.62e+05,1.11e-03,1.02e-03,3.81e+05,-6.89e+00,34,4.86e+00,2.33e-01,4.39e-02,5.14e+00
1.05e-03,3.52e+05,1.09e-03,1.01e-03,3.56e+05,-6.90e+00,35,4.83e+00,2.35e-01,4.45e-02,5.11e+00
1.04e-03,3.41e+05,1.07e-03,1.01e-03,3.40e+05,-6.91e+00,36,4.89e+00,2.29e-01,4.33e-02,5.16e+00
1.03e-03,3.35e+05,1.06e-03,1.00e-03,3.34e+05,-6.91e+00,37,4.88e+00,2.34e-01,4.31e-02,5.15e+00
1.02e-03,3.25e+05,1.05e-03,9.89e-04,3.27e+05,-6.92e+00,38,4.88e+00,2.36e-01,4.29e-02,5.15e+00
1.00e-03,3.20e+05,1.04e-03,9.78e-04,3.25e+05,-6.93e+00,39,5.00e+00,2.33e-01,4.70e-02,5.28e+00
9.97e-04,3.12e+05,1.03e-03,9.83e-04,3.17e+05,-6.93e+00,40,4.88e+00,2.35e-01,3.67e-02,5.15e+00
9.92e-04,3.06e+05,1.02e-03,9.78e-04,3.15e+05,-6.93e+00,41,4.87e+00,2.30e-01,4.28e-02,5.14e+00
9.82e-04,3.00e+05,1.01e-03,9.68e-04,3.08e+05,-6.94e+00,42,4.87e+00,2.40e-01,4.42e-02,5.16e+00
9.75e-04,2.91e+05,1.00e-03,9.68e-04,3.01e+05,-6.94e+00,43,4.85e+00,2.28e-01,4.29e-02,5.12e+00
9.69e-04,2.88e+05,9.98e-04,9.64e-04,3.03e+05,-6.95e+00,44,4.85e+00,2.27e-01,4.36e-02,5.12e+00
9.61e-04,2.83e+05,9.89e-04,9.51e-04,2.96e+05,-6.96e+00,45,4.86e+00,2.35e-01,4.34e-02,5.14e+00
9.54e-04,2.76e+05,9.81e-04,9.62e-04,2.93e+05,-6.95e+00,46,4.89e+00,2.29e-01,3.62e-02,5.16e+00
9.48e-04,2.70e+05,9.75e-04,9.56e-04,2.91e+05,-6.96e+00,47,4.86e+00,2.29e-01,3.54e-02,5.13e+00
9.43e-04,2.67e+05,9.69e-04,9.55e-04,2.90e+05,-6.96e+00,48,4.95e+00,2.33e-01,3.96e-02,5.23e+00
9.42e-04,2.65e+05,9.69e-04,9.63e-04,2.94e+05,-6.95e+00,49,4.90e+00,2.38e-01,3.67e-02,5.18e+00
9.37e-04,2.61e+05,9.63e-04,9.61e-04,2.91e+05,-6.95e+00,50,4.90e+00,2.35e-01,3.58e-02,5.17e+00
9.35e-04,2.56e+05,9.60e-04,9.74e-04,2.86e+05,-6.94e+00,51,4.87e+00,2.36e-01,3.59e-02,5.14e+00
9.30e-04,2.53e+05,9.55e-04,9.65e-04,2.82e+05,-6.95e+00,52,4.85e+00,2.33e-01,3.66e-02,5.12e+00
9.22e-04,2.50e+05,9.47e-04,9.67e-04,2.79e+05,-6.94e+00,53,4.84e+00,2.26e-01,3.54e-02,5.10e+00
9.17e-04,2.48e+05,9.42e-04,9.62e-04,2.73e+05,-6.95e+00,54,4.89e+00,2.33e-01,3.98e-02,5.16e+00
9.10e-04,2.42e+05,9.34e-04,9.61e-04,2.69e+05,-6.95e+00,55,4.84e+00,2.26e-01,3.56e-02,5.11e+00
9.04e-04,2.37e+05,9.28e-04,9.53e-04,2.61e+05,-6.96e+00,56,4.84e+00,2.26e-01,4.15e-02,5.11e+00
