train_mse_loss,train_inter_physics_loss,train_loss,valid_mse_loss,valid_inter_physics_loss,valid_loss,epoch,train_seconds,valid_seconds,checkpoint_seconds,total_seconds
1.62e-03,8.64e+05,1.71e-03,1.68e-03,8.23e+05,-6.40e+00,8,4.68e+00,2.20e-01,3.83e-02,4.94e+00
1.55e-03,7.37e+05,1.62e-03,1.63e-03,7.31e+05,-6.43e+00,9,4.66e+00,2.26e-01,4.29e-02,4.93e+00
1.49e-03,6.80e+05,1.56e-03,1.57e-03,6.64e+05,-6.46e+00,10,4.67e+00,2.23e-01,4.35e-02,4.93e+00
1.45e-03,6.26e+05,1.51e-03,1.51e-03,6.24e+05,-6.50e+00,11,4.67e+00,2.25e-01,4.27e-02,4.93e+00
1.41e-03,5.95e+05,1.47e-03,1.45e-03,5.79e+05,-6.54e+00,12,4.68e+00,2.18e-01,4.36e-02,4.94e+00
1.38e-03,5.66e+05,1.44e-03,1.37e-03,5.46e+05,-6.60e+00,13,4.67e+00,2.16e-01,4.28e-02,4.93e+00
1.35e-03,5.41e+05,1.40e-03,1.35e-03,5.29e+05,-6.62e+00,14,4.67e+00,2.24e-01,4.32e-02,4.94e+00
1.32e-03,5.19e+05,1.38e-03,1.29e-03,5.10e+05,-6.66e+00,15,4.72e+00,2.24e-01,4.26e-02,4.99e+00
1.30e-03,5.03e+05,1.35e-03,1.29e-03,4.96e+05,-6.66e+00,16,4.65e+00,2.16e-01,4.33e-02,4.91e+00
1.28e-03,4.88e+05,1.32e-03,1.26e-03,4.97e+05,-6.68e+00,17,4.65e+00,2.25e-01,4.32e-02,4.92e+00
1.25e-03,4.74e+05,1.30e-03,1.27e-03,4.80e+05,-6.68e+00,18,4.69e+00,2.21e-01,3.57e-02,4.95e+00
1.23e-03,4.60e+05,1.28e-03,1.23e-03,4.69e+05,-6.70e+00,19,4.66e+00,2.12e-01,4.26e-02,4.91e+00
1.21e-03,4.51e+05,1.26e-03,1.23e-03,4.65e+05,-6.70e+00,20,4.65e+00,2.22e-01,4.34e-02,4.92e+00
1.20e-03,4.40e+05,1.24e-03,1.23e-03,4.50e+05,-6.71e+00,21,4.66e+00,2.21e-01,4.27e-02,4.93e+00
1.19e-03,4.35e+05,1.23e-03,1.21e-03,4.26e+05,-6.72e+00,22,5.06e+00,2.23e-01,6.60e-02,5.35e+00
1.17e-03,4.19e+05,1.21e-03,1.16e-03,4.15e+05,-6.76e+00,23,4.68e+00,2.22e-01,4.31e-02,4.95e+00
1.15e-03,4.10e+05,1.20e-03,1.15e-03,3.94e+05,-6.77e+00,24,4.68e+00,2.22e-01,4.23e-02,4.94e+00
1.15e-03,4.01e+05,1.19e-03,1.17e-03,3.89e+05,-6.76e+00,25,4.67e+00,2.17e-01,3.51e-02,4.93e+00
1.13e-03,3.92e+05,1.17e-03,1.19e-03,3.86e+05,-6.73e+00,26,4.66e+00,2.20e-01,3.50e-02,4.92e+00
1.12e-03,3.85e+05,1.15e-03,1.20e-03,3.77e+05,-6.73e+00,27,5.09e+00,2.24e-01,1.19e-01,5.43e+00
1.11e-03,3.82e+05,1.14e-03,1.22e-03,3.79e+05,-6.71e+00,28,4.72e+00,2.29e-01,3.75e-02,4.98e+00
1.12e-03,3.75e+05,1.15e-03,1.12e-03,3.80e+05,-6.80e+00,29,4.68e+00,2.22e-01,5.16e-02,4.95e+00
1.11e-03,3.67e+05,1.15e-03,1.12e-03,3.51e+05,-6.80e+00,30,4.67e+00,2.19e-01,4.92e-02,4.94e+00
1.06e-03,3.52e+05,1.10e-03,1.06e-03,3.40e+05,-6.85e+00,31,4.66e+00,2.19e-01,4.25e-02,4.92e+00
1.04e-03,3.42e+05,1.07e-03,1.03e-03,3.37e+05,-6.88e+00,32,4.75e+00,2.19e-01,4.36e-02,5.01e+00
1.02e-03,3.31e+05,1.05e-03,9.81e-04,3.16e+05,-6.93e+00,33,4.65e+00,2.19e-01,4.29e-02,4.91e+00
9.95e-04,3.23e+05,1.03e-03,9.49e-04,3.05e+05,-6.96e+00,34,4.69e+00,2.20e-01,4.27e-02,4.95e+00
9.78e-04,3.14e+05,1.01e-03,9.34e-04,2.90e+05,-6.98e+00,35,4.67e+00,2.19e-01,4.29e-02,4.94e+00
9.66e-04,3.07e+05,9.96e-04,8.99e-04,2.80e+05,-7.02e+00,36,4.64e+00,2.16e-01,4.36e-02,4.90e+00
9.36e-04,2.94e+05,9.66e-04,8.61e-04,2.64e+05,-7.06e+00,37,4.65e+00,2.19e-01,4.27e-02,4.91e+00
9.28e-04,2.88e+05,9.57e-04,8.56e-04,2.70e+05,-7.07e+00,38,5.17e+00,2.27e-01,5.58e-02,5.46e+00
9.03e-04,2.78e+05,9.31e-04,8.29e-04,2.49e+05,-7.10e+00,39,4.65e+00,2.18e-01,4.26e-02,4.91e+00
8.92e-04,2.72e+05,9.19e-04,8.16e-04,2.45e+05,-7.11e+00,40,4.71e+00,2.22e-01,4.35e-02,4.97e+00
8.81e-04,2.63e+05,9.08e-04,7.98e-04,2.36e+05,-7.14e+00,41,4.70e+00,2.18e-01,4.31e-02,4.96e+00
8.65e-04,2.58e+05,8.91e-04,7.96e-04,2.41e+05,-7.14e+00,42,4.68e+00,2.21e-01,4.26e-02,4.94e+00
8.55e-04,2.55e+05,8.80e-04,7.87e-04,2.28e+05,-7.15e+00,43,4.63e+00,2.20e-01,4.17e-02,4.89e+00
8.44e-04,2.49e+05,8.69e-04,7.72e-04,2.22e+05,-7.17e+00,44,4.68e+00,2.26e-01,4.27e-02,4.94e+00
8.38e-04,2.45e+05,8.62e-04,7.67e-04,2.18e+05,-7.18e+00,45,4.67e+00,2.17e-01,4.28e-02,4.93e+00
8.25e-04,2.42e+05,8.49e-04,7.69e-04,2.15e+05,-7.17e+00,46,4.66e+00,2.16e-01,3.54e-02,4.92e+00
8.17e-04,2.36e+05,8.41e-04,7.68e-04,2.17e+05,-7.17e+00,47,4.65e+00,2.24e-01,3.53e-02,4.91e+00
8.08e-04,2.34e+05,8.31e-04,7.65e-04,2.10e+05,-7.18e+00,48,4.66e+00,2.17e-01,4.26e-02,4.92e+00
8.01e-04,2.30e+05,8.24e-04,7.82e-04,2.07e+05,-7.16e+00,49,4.64e+00,2.18e-01,3.52e-02,4.90e+00
7.98e-04,2.29e+05,8.21e-04,7.80e-04,2.04e+05,-7.16e+00,50,4.65e+00,2.18e-01,3.63e-02,4.91e+00
7.90e-04,2.24e+05,8.13e-04,7.77e-04,2.06e+05,-7.16e+00,51,4.61e+00,2.22e-01,3.53e-02,4.86e+00
7.83e-04,2.23e+05,8.06e-04,7.63e-04,2.02e+05,-7.18e+00,52,4.73e+00,2.25e-01,4.27e-02,5.00e+00
7.82e-04,2.19e+05,8.04e-04,7.74e-04,2.10e+05,-7.17e+00,53,4.72e+00,2.24e-01,3.58e-02,4.98e+00
7.79e-04,2.20e+05,8.01e-04,7.82e-04,2.17e+05,-7.16e+00,54,4.75e+00,2.17e-01,3.53e-02,5.00e+00
7.82e-04,2.17e+05,8.03e-04,7.64e-04,2.29e+05,-7.18e+00,55,4.75e+00,2.27e-01,3.53e-02,5.01e+00
7.86e-04,2.17e+05,8.07e-04,7.31e-04,2.42e+05,-7.22e+00,56,4.68e+00,2.23e-01,4.23e-02,4.95e+00
7.72e-04,2.12e+05,7.93e-04,7.20e-04,2.34e+05,-7.24e+00,57,4.69e+00,2.25e-01,4.32e-02,4.95e+00
7.58e-04,2.10e+05,7.79e-04,7.18e-04,2.35e+05,-7.24e+00,58,4.73e+00,2.18e-01,4.31e-02,4.99e+00
7.46e-04,2.05e+05,7.66e-04,7.15e-04,2.21e+05,-7.25e+00,59,4.71e+00,2.17e-01,4.25e-02,4.97e+00
7.42e-04,2.02e+05,7.62e-04,7.13e-04,2.21e+05,-7.25e+00,60,4.72e+00,2.23e-01,4.72e-02,4.99e+00
7.39e-04,2.00e+05,7.59e-04,7.17e-04,2.20e+05,-7.24e+00,61,4.69e+00,2.20e-01,3.51e-02,4.95e+00
7.34e-04,1.97e+05,7.53e-04,7.19e-04,2.15e+05,-7.24e+00,62,4.72e+00,2.24e-01,3.55e-02,4.98e+00
7.33e-04,1.96e+05,7.53e-04,7.10e-04,2.06e+05,-7.25e+00,63,4.71e+00,2.25e-01,4.28e-02,4.97e+00
7.28e-04,1.94e+05,7.47e-04,7.14e-04,2.07e+05,-7.25e+00,64,4.72e+00,2.18e-01,3.50e-02,4.98e+00
7.29e-04,1.93e+05,7.49e-04,7.13e-04,2.01e+05,-7.25e+00,65,4.73e+00,2.25e-01,3.56e-02,4.99e+00
7.24e-04,1.92e+05,7.43e-04,7.16e-04,2.00e+05,-7.24e+00,66,4.70e+00,2.19e-01,3.54e-02,4.95e+00
7.20e-04,1.90e+05,7.39e-04,7.19e-04,1.98e+05,-7.24e+00,67,4.72e+00,2.25e-01,3.53e-02,4.98e+00
7.17e-04,1.87e+05,7.36e-04,7.28e-04,1.99e+05,-7.23e+00,68,4.73e+00,2.23e-01,3.51e-02,4.99e+00
7.15e-04,1.86e+05,7.34e-04,7.23e-04,1.98e+05,-7.23e+00,69,4.73e+00,2.20e-01,3.48e-02,4.98e+00
7.13e-04,1.85e+05,7.31e-04,7.03e-04,2.01e+05,-7.26e+00,70,4.73e+00,2.25e-01,4.30e-02,5.00e+00
7.08e-04,1.83e+05,7.26e-04,6.98e-04,1.91e+05,-7.27e+00,71,4.69e+00,2.20e-01,4.35e-02,4.96e+00
7.02e-04,1.82e+05,7.20e-04,7.01e-04,1.98e+05,-7.27e+00,72,5.61e+00,2.30e-01,4.20e-02,5.88e+00
6.96e-04,1.81e+05,7.14e-04,6.95e-04,1.94e+05,-7.27e+00,73,4.71e+00,2.20e-01,4.23e-02,4.97e+00
6.89e-04,1.78e+05,7.06e-04,6.91e-04,1.92e+05,-7.28e+00,74,4.72e+00,2.22e-01,4.25e-02,4.98e+00
6.83e-04,1.74e+05,7.01e-04,7.00e-04,1.91e+05,-7.27e+00,75,4.70e+00,2.24e-01,3.51e-02,4.96e+00
6.82e-04,1.74e+05,7.00e-04,6.93e-04,1.92e+05,-7.28e+00,76,4.72e+00,2.25e-01,3.54e-02,4.98e+00
6.79e-04,1.72e+05,6.96e-04,6.86e-04,1.93e+05,-7.29e+00,77,4.69e+00,2.17e-01,4.20e-02,4.95e+00
6.78e-04,1.71e+05,6.95e-04,7.08e-04,1.86e+05,-7.25e+00,78,4.69e+00,2.23e-01,3.55e-02,4.95e+00
6.76e-04,1.70e+05,6.93e-04,7.13e-04,1.94e+05,-7.25e+00,79,4.70e+00,2.24e-01,3.52e-02,4.96e+00
6.71e-04,1.68e+05,6.88e-04,7.11e-04,1.88e+05,-7.25e+00,80,4.74e+00,2.26e-01,3.79e-02,5.01e+00
6.70e-04,1.67e+05,6.87e-04,6.99e-04,1.94e+05,-7.27e+00,81,4.72e+00,2.23e-01,3.50e-02,4.98e+00
6.65e-04,1.67e+05,6.82e-04,7.15e-04,1.86e+05,-7.25e+00,82,4.70e+00,2.24e-01,3.54e-02,4.96e+00
6.62e-04,1.64e+05,6.78e-04,6.99e-04,1.89e+05,-7.27e+00,83,4.70e+00,2.16e-01,3.52e-02,4.95e+00
6.62e-04,1.64e+05,6.78e-04,7.18e-04,1.89e+05,-7.24e+00,84,4.71e+00,2.19e-01,3.49e-02,4.96e+00
6.65e-04,1.64e+05,6.81e-04,7.28e-04,1.90e+05,-7.23e+00,85,4.67e+00,2.22e-01,3.54e-02,4.93e+00
6.73e-04,1.63e+05,6.90e-04,6.96e-04,1.90e+05,-7.27e+00,86,4.67e+00,2.22e-01,3.51e-02,4.93e+00
7.00e-04,1.67e+05,7.17e-04,6.48e-04,1.90e+05,-7.34e+00,87,4.66e+00,2.23e-01,4.25e-02,4.93e+00
6.96e-04,1.65e+05,7.12e-04,6.80e-04,2.03e+05,-7.30e+00,88,4.67e+00,2.20e-01,3.60e-02,4.92e+00
6.89e-04,1.63e+05,7.05e-04,6.72e-04,1.94e+05,-7.31e+00,89,4.66e+00,2.21e-01,3.52e-02,4.91e+00
6.79e-04,1.60e+05,6.95e-04,6.79e-04,1.95e+05,-7.30e+00,90,4.67e+00,2.18e-01,3.56e-02,4.92e+00
6.70e-04,1.57e+05,6.86e-04,6.61e-04,1.88e+05,-7.32e+00,91,4.67e+00,2.21e-01,3.50e-02,4.93e+00
6.60e-04,1.55e+05,6.76e-04,6.51e-04,1.86e+05,-7.34e+00,92,4.68e+00,2.16e-01,3.51e-02,4.93e+00
6.53e-04,1.52e+05,6.69e-04,6.45e-04,1.82e+05,-7.35e+00,93,4.69e+00,2.22e-01,4.28e-02,4.95e+00
6.48e-04,1.51e+05,6.64e-04,6.39e-04,1.76e+05,-7.36e+00,94,4.70e+00,2.25e-01,4.33e-02,4.97e+00
6.44e-04,1.51e+05,6.60e-04,6.37e-04,1.85e+05,-7.36e+00,95,4.69e+00,2.19e-01,4.25e-02,4.95e+00
6.39e-04,1.50e+05,6.54e-04,6.33e-04,1.92e+05,-7.37e+00,96,4.68e+00,2.23e-01,4.29e-02,4.95e+00
6.35e-04,1.49e+05,6.50e-04,6.29e-04,1.83e+05,-7.37e+00,97,4.67e+00,2.24e-01,4.31e-02,4.93e+00
6.32e-04,1.48e+05,6.46e-04,6.27e-04,1.82e+05,-7.38e+00,98,4.68e+00,2.14e-01,4.28e-02,4.93e+00
6.28e-04,1.48e+05,6.43e-04,6.26e-04,1.74e+05,-7.38e+00,99,4.67e+00,2.15e-01,4.22e-02,4.92e+00
6.25e-04,1.46e+05,6.40e-04,6.24e-04,1.69e+05,-7.38e+00,100,4.68e+00,2.24e-01,4.34e-02,4.95e+00
6.22e-04,1.46e+05,6.37e-04,6.23e-04,1.68e+05,-7.38e+00,101,4.66e+00,2.22e-01,4.31e-02,4.92e+00
6.21e-04,1.45e+05,6.35e-04,6.33e-04,1.64e+05,-7.37e+00,102,4.67e+00,2.17e-01,3.51e-02,4.92e+00
6.21e-04,1.45e+05,6.36e-04,6.41e-04,1.66e+05,-7.35e+00,103,4.67e+00,2.22e-01,3.48e-02,4.93e+00
6.20e-04,1.43e+05,6.34e-04,6.32e-04,1.67e+05,-7.37e+00,104,4.68e+00,2.22e-01,3.55e-02,4.94e+00
6.22e-04,1.43e+05,6.36e-04,6.34e-04,1.63e+05,-7.37e+00,105,4.67e+00,2.19e-01,3.51e-02,4.92e+00
6.23e-04,1.42e+05,6.37e-04,6.30e-04,1.70e+05,-7.37e+00,106,4.69e+00,2.22e-01,3.52e-02,4.94e+00
6.36e-04,1.44e+05,6.50e-04,6.28e-04,1.71e+05,-7.38e+00,107,4.69e+00,2.24e-01,3.53e-02,4.95e+00
6.36e-04,1.44e+05,6.51e-04,6.26e-04,1.75e+05,-7.38e+00,108,4.70e+00,2.16e-01,3.48e-02,4.95e+00
6.50e-04,1.44e+05,6.64e-04,6.58e-04,1.82e+05,-7.33e+00,109,4.67e+00,2.16e-01,3.47e-02,4.92e+00
6.54e-04,1.43e+05,6.68e-04,6.27e-04,1.70e+05,-7.38e+00,110,4.64e+00,2.18e-01,3.60e-02,4.90e+00
6.54e-04,1.44e+05,6.68e-04,6.39e-04,1.69e+05,-7.36e+00,111,4.63e+00,2.13e-01,3.52e-02,4.88e+00
6.55e-04,1.45e+05,6.69e-04,6.57e-04,1.91e+05,-7.33e+00,112,4.66e+00,2.18e-01,4.08e-02,4.92e+00
