train_mse_loss,train_inter_physics_loss,train_loss,valid_mse_loss,valid_inter_physics_loss,valid_loss,epoch,train_seconds,valid_seconds,checkpoint_seconds,total_seconds
1.97e-03,1.00e+06,2.07e-03,1.92e-03,1.00e+06,-6.26e+00,8,4.69e+00,2.25e-01,3.80e-02,4.95e+00
1.89e-03,8.68e+05,1.98e-03,1.82e-03,9.45e+05,-6.32e+00,9,4.67e+00,2.23e-01,4.31e-02,4.93e+00
1.82e-03,7.92e+05,1.90e-03,1.74e-03,8.69e+05,-6.36e+00,10,4.69e+00,2.22e-01,4.37e-02,4.96e+00
1.77e-03,7.45e+05,1.84e-03,1.68e-03,8.08e+05,-6.40e+00,11,4.69e+00,2.16e-01,4.34e-02,4.95e+00
1.72e-03,7.12e+05,1.79e-03,1.62e-03,7.56e+05,-6.43e+00,12,4.69e+00,2.22e-01,4.30e-02,4.95e+00
1.67e-03,6.84e+05,1.74e-03,1.58e-03,7.07e+05,-6.46e+00,13,4.71e+00,2.24e-01,4.33e-02,4.98e+00
1.63e-03,6.54e+05,1.69e-03,1.56e-03,7.03e+05,-6.47e+00,14,4.76e+00,2.15e-01,4.29e-02,5.02e+00
1.59e-03,6.32e+05,1.65e-03,1.53e-03,6.97e+05,-6.49e+00,15,4.72e+00,2.24e-01,4.32e-02,4.99e+00
1.56e-03,6.16e+05,1.62e-03,1.51e-03,6.55e+05,-6.50e+00,16,4.72e+00,2.24e-01,4.45e-02,4.99e+00
1.52e-03,5.87e+05,1.58e-03,1.51e-03,6.57e+05,-6.50e+00,17,4.71e+00,2.16e-01,4.24e-02,4.97e+00
1.49e-03,5.72e+05,1.55e-03,1.49e-03,6.29e+05,-6.51e+00,18,5.63e+00,2.25e-01,5.45e-02,5.91e+00
1.46e-03,5.55e+05,1.51e-03,1.46e-03,5.98e+05,-6.53e+00,19,4.69e+00,2.25e-01,4.32e-02,4.96e+00
1.43e-03,5.36e+05,1.48e-03,1.46e-03,6.28e+05,-6.54e+00,20,4.70e+00,2.15e-01,4.32e-02,4.96e+00
1.40e-03,5.24e+05,1.45e-03,1.41e-03,5.62e+05,-6.57e+00,21,4.70e+00,2.25e-01,4.32e-02,4.97e+00
1.38e-03,5.02e+05,1.43e-03,1.38e-03,5.57e+05,-6.59e+00,22,4.71e+00,2.24e-01,4.30e-02,4.98e+00
1.35e-03,4.84e+05,1.40e-03,1.33e-03,5.31e+05,-6.62e+00,23,4.72e+00,2.18e-01,4.24e-02,4.98e+00
1.32e-03,4.74e+05,1.37e-03,1.30e-03,4.96e+05,-6.65e+00,24,4.71e+00,2.25e-01,4.27e-02,4.98e+00
1.30e-03,4.54e+05,1.34e-03,1.27e-03,5.02e+05,-6.67e+00,25,4.69e+00,2.23e-01,4.28e-02,4.96e+00
1.27e-03,4.40e+05,1.32e-03,1.25e-03,4.79e+05,-6.69e+00,26,4.72e+00,2.21e-01,4.30e-02,4.99e+00
1.25e-03,4.32e+05,1.29e-03,1.22e-03,4.56e+05,-6.71e+00,27,4.75e+00,2.27e-01,4.27e-02,5.02e+00
1.22e-03,4.17e+05,1.26e-03,1.21e-03,4.41e+05,-6.72e+00,28,4.74e+00,2.24e-01,4.31e-02,5.01e+00
1.20e-03,4.10e+05,1.24e-03,1.17e-03,4.22e+05,-6.76e+00,29,4.71e+00,2.23e-01,4.30e-02,4.98e+00
1.18e-03,3.98e+05,1.22e-03,1.15e-03,4.26e+05,-6.77e+00,30,4.72e+00,2.17e-01,4.38e-02,4.98e+00
1.16e-03,3.87e+05,1.19e-03,1.12e-03,3.94e+05,-6.79e+00,31,4.71e+00,2.25e-01,4.30e-02,4.98e+00
1.13e-03,3.79e+05,1.17e-03,1.09e-03,3.89e+05,-6.83e+00,32,4.73e+00,2.24e-01,4.31e-02,4.99e+00
1.11e-03,3.66e+05,1.15e-03,1.09e-03,3.82e+05,-6.83e+00,33,4.73e+00,2.21e-01,4.25e-02,4.99e+00
1.10e-03,3.62e+05,1.13e-03,1.06e-03,3.74e+05,-6.85e+00,34,4.69e+00,2.25e-01,4.29e-02,4.96e+00
1.08e-03,3.54e+05,1.12e-03,1.05e-03,3.65e+05,-6.86e+00,35,4.69e+00,2.24e-01,4.33e-02,4.95e+00
1.06e-03,3.38e+05,1.09e-03,1.03e-03,3.51e+05,-6.88e+00,36,4.70e+00,2.22e-01,4.62e-02,4.97e+00
1.05e-03,3.34e+05,1.08e-03,1.02e-03,3.39e+05,-6.90e+00,37,4.72e+00,2.20e-01,4.27e-02,4.98e+00
1.03e-03,3.23e+05,1.06e-03,1.01e-03,3.40e+05,-6.90e+00,38,4.71e+00,2.25e-01,4.26e-02,4.98e+00
1.02e-03,3.17e+05,1.05e-03,1.01e-03,3.34e+05,-6.90e+00,39,4.72e+00,2.25e-01,3.58e-02,4.98e+00
1.01e-03,3.05e+05,1.04e-03,1.00e-03,3.11e+05,-6.91e+00,40,4.70e+00,2.28e-01,4.43e-02,4.98e+00
1.00e-03,2.98e+05,1.03e-03,1.00e-03,3.21e+05,-6.91e+00,41,4.73e+00,2.24e-01,4.26e-02,5.00e+00
9.91e-04,2.92e+05,1.02e-03,9.82e-04,3.08e+05,-6.93e+00,42,4.71e+00,2.25e-01,4.32e-02,4.98e+00
9.82e-04,2.83e+05,1.01e-03,9.70e-04,3.01e+05,-6.94e+00,43,4.72e+00,2.18e-01,4.24e-02,4.98e+00
9.76e-04,2.79e+05,1.00e-03,9.74e-04,3.07e+05,-6.94e+00,44,4.74e+00,2.25e-01,3.54e-02,5.00e+00
9.71e-04,2.75e+05,9.98e-04,9.71e-04,3.02e+05,-6.94e+00,45,4.70e+00,2.22e-01,3.50e-02,4.96e+00
9.64e-04,2.69e+05,9.91e-04,9.69e-04,2.95e+05,-6.94e+00,46,4.72e+00,2.21e-01,4.25e-02,4.98e+00
9.60e-04,2.63e+05,9.86e-04,9.85e-04,3.03e+05,-6.92e+00,47,4.71e+00,2.23e-01,3.56e-02,4.97e+00
9.56e-04,2.61e+05,9.82e-04,9.86e-04,2.95e+05,-6.92e+00,48,4.72e+00,2.19e-01,3.51e-02,4.97e+00
9.47e-04,2.55e+05,9.73e-04,9.81e-04,2.96e+05,-6.93e+00,49,4.70e+00,2.25e-01,3.53e-02,4.96e+00
9.42e-04,2.51e+05,9.67e-04,9.86e-04,2.90e+05,-6.92e+00,50,4.69e+00,2.25e-01,3.66e-02,4.95e+00
9.33e-04,2.44e+05,9.58e-04,9.75e-04,2.81e+05,-6.94e+00,51,4.71e+00,2.17e-01,3.49e-02,4.96e+00
9.27e-04,2.41e+05,9.51e-04,9.69e-04,2.76e+05,-6.94e+00,52,4.72e+00,2.22e-01,3.50e-02,4.98e+00
9.21e-04,2.38e+05,9.45e-04,9.64e-04,2.70e+05,-6.95e+00,53,4.71e+00,2.20e-01,4.21e-02,4.97e+00
9.16e-04,2.37e+05,9.40e-04,9.56e-04,2.71e+05,-6.96e+00,54,4.74e+00,2.22e-01,4.26e-02,5.01e+00
9.09e-04,2.33e+05,9.32e-04,9.45e-04,2.72e+05,-6.97e+00,55,4.71e+00,2.17e-01,4.24e-02,4.97e+00
9.03e-04,2.29e+05,9.25e-04,9.39e-04,2.62e+05,-6.97e+00,56,4.71e+00,2.19e-01,4.22e-02,4.97e+00
8.98e-04,2.27e+05,9.20e-04,9.27e-04,2.61e+05,-6.99e+00,57,4.70e+00,2.24e-01,4.29e-02,4.96e+00
8.91e-04,2.24e+05,9.14e-04,9.18e-04,2.56e+05,-7.00e+00,58,4.70e+00,2.23e-01,4.27e-02,4.97e+00
8.85e-04,2.21e+05,9.08e-04,9.16e-04,2.57e+05,-7.00e+00,59,4.72e+00,2.19e-01,4.25e-02,4.98e+00
8.80e-04,2.17e+05,9.02e-04,9.06e-04,2.55e+05,-7.01e+00,60,4.69e+00,2.25e-01,4.37e-02,4.95e+00
8.76e-04,2.18e+05,8.98e-04,8.95e-04,2.53e+05,-7.02e+00,61,4.70e+00,2.20e-01,4.42e-02,4.96e+00
8.73e-04,2.16e+05,8.95e-04,8.95e-04,2.51e+05,-7.02e+00,62,4.70e+00,2.17e-01,4.27e-02,4.96e+00
8.68e-04,2.13e+05,8.89e-04,8.90e-04,2.41e+05,-7.03e+00,63,4.62e+00,2.22e-01,4.32e-02,4.88e+00
8.63e-04,2.10e+05,8.84e-04,8.83e-04,2.43e+05,-7.03e+00,64,4.67e+00,2.20e-01,4.23e-02,4.93e+00
8.59e-04,2.08e+05,8.80e-04,8.76e-04,2.40e+05,-7.04e+00,65,4.67e+00,2.22e-01,4.32e-02,4.93e+00
8.54e-04,2.05e+05,8.74e-04,8.69e-04,2.33e+05,-7.05e+00,66,4.65e+00,2.29e-01,4.30e-02,4.92e+00
8.50e-04,2.03e+05,8.70e-04,8.65e-04,2.34e+05,-7.05e+00,67,4.68e+00,2.16e-01,4.27e-02,4.94e+00
8.45e-04,2.02e+05,8.65e-04,8.62e-04,2.25e+05,-7.06e+00,68,4.70e+00,2.16e-01,4.29e-02,4.96e+00
8.42e-04,1.98e+05,8.61e-04,8.62e-04,2.22e+05,-7.06e+00,69,4.67e+00,2.19e-01,3.56e-02,4.93e+00
8.41e-04,1.96e+05,8.61e-04,8.61e-04,2.26e+05,-7.06e+00,70,4.66e+00,2.21e-01,4.29e-02,4.93e+00
8.39e-04,1.98e+05,8.59e-04,8.68e-04,2.23e+05,-7.05e+00,71,4.66e+00,2.16e-01,3.51e-02,4.91e+00
8.35e-04,1.96e+05,8.55e-04,8.55e-04,2.18e+05,-7.07e+00,72,4.68e+00,2.17e-01,4.18e-02,4.94e+00
8.30e-04,1.92e+05,8.50e-04,8.49e-04,2.13e+05,-7.07e+00,73,4.67e+00,2.21e-01,4.28e-02,4.93e+00
8.25e-04,1.90e+05,8.44e-04,8.40e-04,2.04e+05,-7.08e+00,74,4.68e+00,2.21e-01,4.24e-02,4.94e+00
8.24e-04,1.90e+05,8.43e-04,8.30e-04,2.01e+05,-7.10e+00,75,4.66e+00,2.24e-01,4.26e-02,4.92e+00
8.24e-04,1.89e+05,8.42e-04,8.28e-04,1.99e+05,-7.10e+00,76,4.67e+00,2.18e-01,4.29e-02,4.93e+00
8.20e-04,1.88e+05,8.39e-04,8.18e-04,1.92e+05,-7.11e+00,77,4.66e+00,2.18e-01,4.24e-02,4.93e+00
8.16e-04,1.87e+05,8.35e-04,8.14e-04,1.88e+05,-7.12e+00,78,4.68e+00,2.21e-01,4.24e-02,4.94e+00
8.15e-04,1.87e+05,8.34e-04,8.16e-04,1.88e+05,-7.11e+00,79,4.66e+00,2.22e-01,3.52e-02,4.92e+00
8.13e-04,1.87e+05,8.32e-04,8.08e-04,1.90e+05,-7.12e+00,80,4.68e+00,2.33e-01,4.34e-02,4.95e+00
8.11e-04,1.86e+05,8.30e-04,8.05e-04,1.93e+05,-7.13e+00,81,4.70e+00,2.16e-01,4.27e-02,4.96e+00
8.09e-04,1.86e+05,8.28e-04,8.22e-04,1.92e+05,-7.11e+00,82,4.66e+00,2.19e-01,3.55e-02,4.92e+00
8.06e-04,1.84e+05,8.25e-04,8.27e-04,1.97e+05,-7.10e+00,83,4.67e+00,2.17e-01,3.52e-02,4.92e+00
8.03e-04,1.83e+05,8.22e-04,8.09e-04,1.98e+05,-7.12e+00,84,4.68e+00,2.20e-01,3.50e-02,4.94e+00
8.00e-04,1.81e+05,8.19e-04,8.01e-04,1.98e+05,-7.13e+00,85,4.67e+00,2.18e-01,4.20e-02,4.93e+00
8.01e-04,1.81e+05,8.19e-04,8.10e-04,1.97e+05,-7.12e+00,86,4.66e+00,2.16e-01,3.51e-02,4.91e+00
8.01e-04,1.80e+05,8.19e-04,8.08e-04,1.93e+05,-7.12e+00,87,4.69e+00,2.22e-01,3.54e-02,4.95e+00
8.00e-04,1.81e+05,8.18e-04,8.19e-04,2.00e+05,-7.11e+00,88,4.66e+00,2.24e-01,3.52e-02,4.92e+00
7.98e-04,1.79e+05,8.15e-04,8.07e-04,1.95e+05,-7.13e+00,89,4.65e+00,2.23e-01,3.54e-02,4.91e+00
7.93e-04,1.78e+05,8.11e-04,8.04e-04,2.03e+05,-7.13e+00,90,4.65e+00,2.22e-01,3.69e-02,4.91e+00
7.90e-04,1.77e+05,8.08e-04,7.89e-04,2.00e+05,-7.15e+00,91,4.66e+00,2.15e-01,4.25e-02,4.92e+00
7.90e-04,1.75e+05,8.07e-04,7.77e-04,1.97e+05,-7.16e+00,92,4.65e+00,2.21e-01,4.22e-02,4.92e+00
7.89e-04,1.76e+05,8.07e-04,7.77e-04,1.96e+05,-7.16e+00,93,4.68e+00,2.22e-01,4.27e-02,4.94e+00
7.92e-04,1.74e+05,8.09e-04,7.57e-04,1.91e+05,-7.19e+00,94,4.69e+00,2.16e-01,4.26e-02,4.95e+00
7.93e-04,1.73e+05,8.10e-04,7.27e-04,1.80e+05,-7.23e+00,95,4.68e+00,2.19e-01,4.29e-02,4.94e+00
7.85e-04,1.71e+05,8.02e-04,7.15e-04,1.71e+05,-7.25e+00,96,4.67e+00,2.18e-01,4.31e-02,4.93e+00
7.77e-04,1.69e+05,7.94e-04,7.12e-04,1.67e+05,-7.25e+00,97,4.68e+00,2.21e-01,4.29e-02,4.94e+00
7.72e-04,1.66e+05,7.89e-04,7.09e-04,1.66e+05,-7.25e+00,98,4.66e+00,2.21e-01,4.19e-02,4.93e+00
7.67e-04,1.64e+05,7.84e-04,7.06e-04,1.64e+05,-7.26e+00,99,4.68e+00,2.19e-01,4.36e-02,4.94e+00
7.62e-04,1.62e+05,7.78e-04,7.07e-04,1.63e+05,-7.26e+00,100,4.67e+00,2.19e-01,3.60e-02,4.92e+00
7.57e-04,1.60e+05,7.73e-04,7.02e-04,1.66e+05,-7.26e+00,101,4.67e+00,2.23e-01,4.26e-02,4.94e+00
7.54e-04,1.60e+05,7.69e-04,7.05e-04,1.67e+05,-7.26e+00,102,4.66e+00,2.21e-01,3.51e-02,4.92e+00
7.51e-04,1.58e+05,7.67e-04,7.06e-04,1.68e+05,-7.26e+00,103,5.09e+00,2.17e-01,6.07e-02,5.37e+00
7.47e-04,1.58e+05,7.63e-04,7.05e-04,1.73e+05,-7.26e+00,104,4.67e+00,2.19e-01,3.54e-02,4.93e+00
7.44e-04,1.56e+05,7.60e-04,7.10e-04,1.64e+05,-7.25e+00,105,4.68e+00,2.20e-01,3.52e-02,4.93e+00
7.40e-04,1.56e+05,7.56e-04,7.09e-04,1.68e+05,-7.25e+00,106,4.99e+00,2.45e-01,5.26e-02,5.29e+00
7.41e-04,1.56e+05,7.56e-04,7.11e-04,1.67e+05,-7.25e+00,107,5.34e+00,2.27e-01,5.12e-02,5.62e+00
7.38e-04,1.56e+05,7.53e-04,7.11e-04,1.67e+05,-7.25e+00,108,4.72e+00,2.21e-01,3.59e-02,4.97e+00
7.35e-04,1.55e+05,7.51e-04,7.15e-04,1.67e+05,-7.25e+00,109,4.67e+00,2.17e-01,3.62e-02,4.93e+00
7.34e-04,1.53e+05,7.50e-04,7.09e-04,1.68e+05,-7.25e+00,110,4.68e+00,2.21e-01,3.64e-02,4.94e+00
7.36e-04,1.54e+05,7.51e-04,7.12e-04,1.68e+05,-7.25e+00,111,4.68e+00,2.20e-01,3.57e-02,4.93e+00
7.33e-04,1.52e+05,7.48e-04,7.14e-04,1.66e+05,-7.25e+00,112,4.64e+00,2.22e-01,4.12e-02,4.91e+00
