train_mse_loss,train_inter_physics_loss,train_loss,valid_mse_loss,valid_inter_physics_loss,valid_loss,epoch,train_seconds,valid_seconds,checkpoint_seconds,total_seconds
1.09e-01,2.56e+08,1.09e-01,6.65e-03,9.41e+06,-5.02e+00,0,1.51e+00,8.06e-02,1.27e-02,1.61e+00
5.29e-03,5.62e+06,5.29e-03,3.64e-03,3.28e+06,-5.62e+00,1,1.50e+00,8.05e-02,1.36e-02,1.60e+00
3.70e-03,2.65e+06,3.70e-03,3.03e-03,2.09e+06,-5.81e+00,2,1.49e+00,8.01e-02,1.40e-02,1.58e+00
3.23e-03,1.89e+06,3.23e-03,2.80e-03,1.76e+06,-5.89e+00,3,1.50e+00,8.06e-02,1.36e-02,1.60e+00
3.00e-03,1.62e+06,3.00e-03,2.70e-03,1.71e+06,-5.92e+00,4,1.50e+00,8.05e-02,1.35e-02,1.59e+00
2.80e-03,1.48e+06,2.80e-03,2.59e-03,1.70e+06,-5.96e+00,5,1.51e+00,8.07e-02,1.34e-02,1.60e+00
2.58e-03,1.38e+06,2.58e-03,2.41e-03,1.70e+06,-6.03e+00,6,1.52e+00,8.05e-02,1.45e-02,1.61e+00
2.39e-03,1.32e+06,2.39e-03,2.26e-03,1.58e+06,-6.10e+00,7,1.48e+00,8.02e-02,1.44e-02,1.57e+00
2.23e-03,1.27e+06,2.23e-03,2.14e-03,1.47e+06,-6.15e+00,8,1.51e+00,9.03e-02,1.75e-02,1.62e+00
2.10e-03,1.18e+06,2.10e-03,2.01e-03,1.36e+06,-6.22e+00,9,1.51e+00,7.99e-02,1.48e-02,1.60e+00
2.01e-03,1.09e+06,2.01e-03,1.89e-03,1.22e+06,-6.28e+00,10,1.50e+00,8.03e-02,1.47e-02,1.60e+00
1.95e-03,1.05e+06,1.95e-03,1.84e-03,1.12e+06,-6.31e+00,11,1.52e+00,8.27e-02,1.44e-02,1.62e+00
1.90e-03,1.01e+06,1.90e-03,1.75e-03,1.01e+06,-6.35e+00,12,1.53e+00,8.02e-02,1.44e-02,1.62e+00
1.86e-03,9.76e+05,1.86e-03,1.69e-03,9.50e+05,-6.39e+00,13,1.49e+00,8.02e-02,1.42e-02,1.58e+00
1.82e-03,9.46e+05,1.82e-03,1.65e-03,8.79e+05,-6.42e+00,14,1.51e+00,8.06e-02,1.39e-02,1.60e+00
1.79e-03,9.03e+05,1.79e-03,1.62e-03,8.61e+05,-6.43e+00,15,1.49e+00,8.06e-02,1.35e-02,1.58e+00
1.76e-03,8.84e+05,1.76e-03,1.60e-03,8.30e+05,-6.44e+00,16,1.50e+00,8.08e-02,1.34e-02,1.60e+00
1.74e-03,8.75e+05,1.74e-03,1.59e-03,8.43e+05,-6.45e+00,17,1.47e+00,8.01e-02,1.44e-02,1.57e+00
1.71e-03,8.46e+05,1.71e-03,1.58e-03,8.43e+05,-6.46e+00,18,1.51e+00,8.06e-02,1.43e-02,1.60e+00
1.69e-03,8.33e+05,1.69e-03,1.56e-03,7.97e+05,-6.47e+00,19,1.51e+00,8.03e-02,1.43e-02,1.60e+00
1.66e-03,8.05e+05,1.66e-03,1.56e-03,7.92e+05,-6.47e+00,20,1.51e+00,8.02e-02,1.17e-02,1.60e+00
1.65e-03,7.92e+05,1.65e-03,1.54e-03,7.90e+05,-6.48e+00,21,1.51e+00,8.03e-02,1.44e-02,1.60e+00
1.62e-03,7.76e+05,1.62e-03,1.53e-03,7.87e+05,-6.49e+00,22,1.51e+00,8.05e-02,1.44e-02,1.60e+00
1.60e-03,7.57e+05,1.60e-03,1.50e-03,7.64e+05,-6.51e+00,23,1.51e+00,8.20e-02,2.68e-02,1.62e+00
1.57e-03,7.44e+05,1.57e-03,1.48e-03,7.03e+05,-6.52e+00,24,1.51e+00,8.08e-02,1.43e-02,1.61e+00
1.55e-03,7.12e+05,1.55e-03,1.42e-03,6.89e+05,-6.56e+00,25,1.54e+00,9.41e-02,1.45e-02,1.65e+00
1.53e-03,7.00e+05,1.53e-03,1.40e-03,6.62e+05,-6.58e+00,26,1.51e+00,8.05e-02,1.44e-02,1.60e+00
1.51e-03,6.83e+05,1.51e-03,1.37e-03,6.54e+05,-6.60e+00,27,1.51e+00,8.06e-02,1.44e-02,1.60e+00
1.49e-03,6.67e+05,1.49e-03,1.38e-03,6.46e+05,-6.59e+00,28,1.51e+00,8.05e-02,1.15e-02,1.60e+00
1.48e-03,6.63e+05,1.48e-03,1.37e-03,6.65e+05,-6.60e+00,29,1.49e+00,8.03e-02,1.15e-02,1.58e+00
1.46e-03,6.50e+05,1.46e-03,1.34e-03,6.43e+05,-6.62e+00,30,1.51e+00,8.05e-02,1.47e-02,1.60e+00
1.44e-03,6.37e+05,1.44e-03,1.35e-03,6.51e+05,-6.61e+00,31,1.49e+00,8.04e-02,1.13e-02,1.58e+00
1.43e-03,6.27e+05,1.43e-03,1.34e-03,6.41e+05,-6.62e+00,32,1.49e+00,8.01e-02,1.44e-02,1.58e+00
1.41e-03,6.15e+05,1.41e-03,1.33e-03,6.37e+05,-6.63e+00,33,1.49e+00,8.02e-02,1.44e-02,1.59e+00
1.40e-03,6.09e+05,1.40e-03,1.35e-03,6.27e+05,-6.61e+00,34,1.51e+00,8.07e-02,1.15e-02,1.60e+00
1.39e-03,6.05e+05,1.39e-03,1.38e-03,6.71e+05,-6.59e+00,35,1.51e+00,8.02e-02,1.14e-02,1.60e+00
1.38e-03,5.96e+05,1.38e-03,1.36e-03,6.49e+05,-6.60e+00,36,1.49e+00,8.02e-02,1.14e-02,1.58e+00
1.38e-03,5.84e+05,1.38e-03,1.41e-03,6.80e+05,-6.57e+00,37,1.50e+00,8.02e-02,1.15e-02,1.59e+00
1.37e-03,5.76e+05,1.37e-03,1.34e-03,6.41e+05,-6.62e+00,38,1.50e+00,8.02e-02,1.15e-02,1.60e+00
1.37e-03,5.61e+05,1.37e-03,1.34e-03,6.56e+05,-6.62e+00,39,1.51e+00,8.01e-02,1.15e-02,1.60e+00
1.35e-03,5.53e+05,1.35e-03,1.33e-03,6.36e+05,-6.63e+00,40,1.51e+00,8.05e-02,1.48e-02,1.60e+00
1.34e-03,5.40e+05,1.34e-03,1.25e-03,6.05e+05,-6.69e+00,41,1.50e+00,8.02e-02,1.43e-02,1.60e+00
1.33e-03,5.26e+05,1.33e-03,1.22e-03,5.73e+05,-6.71e+00,42,1.50e+00,8.03e-02,1.39e-02,1.60e+00
1.31e-03,5.14e+05,1.31e-03,1.20e-03,5.40e+05,-6.73e+00,43,1.47e+00,8.03e-02,1.42e-02,1.57e+00
1.31e-03,5.07e+05,1.31e-03,1.18e-03,5.31e+05,-6.75e+00,44,1.53e+00,8.03e-02,1.39e-02,1.62e+00
1.29e-03,4.99e+05,1.29e-03,1.18e-03,5.27e+05,-6.75e+00,45,1.49e+00,8.04e-02,1.10e-02,1.58e+00
1.29e-03,4.92e+05,1.29e-03,1.20e-03,5.23e+05,-6.73e+00,46,1.47e+00,8.05e-02,1.10e-02,1.56e+00
1.28e-03,4.86e+05,1.28e-03,1.17e-03,4.97e+05,-6.76e+00,47,1.49e+00,8.03e-02,1.39e-02,1.58e+00
1.27e-03,4.79e+05,1.27e-03,1.17e-03,4.91e+05,-6.76e+00,48,1.50e+00,8.00e-02,1.11e-02,1.59e+00
1.25e-03,4.64e+05,1.25e-03,1.17e-03,4.81e+05,-6.76e+00,49,1.50e+00,8.05e-02,1.11e-02,1.59e+00
1.24e-03,4.61e+05,1.24e-03,1.17e-03,4.67e+05,-6.76e+00,50,1.51e+00,8.12e-02,1.42e-02,1.60e+00
1.24e-03,4.52e+05,1.24e-03,1.19e-03,4.79e+05,-6.74e+00,51,1.50e+00,9.37e-02,1.07e-02,1.61e+00
1.23e-03,4.49e+05,1.23e-03,1.18e-03,4.65e+05,-6.75e+00,52,1.49e+00,9.15e-02,1.14e-02,1.59e+00
1.23e-03,4.42e+05,1.23e-03,1.15e-03,4.49e+05,-6.77e+00,53,1.49e+00,8.12e-02,1.42e-02,1.59e+00
1.22e-03,4.36e+05,1.22e-03,1.14e-03,4.21e+05,-6.78e+00,54,1.50e+00,8.15e-02,1.43e-02,1.60e+00
1.21e-03,4.29e+05,1.21e-03,1.16e-03,4.44e+05,-6.77e+00,55,1.51e+00,9.22e-02,1.14e-02,1.61e+00
1.20e-03,4.21e+05,1.20e-03,1.12e-03,4.09e+05,-6.80e+00,56,1.49e+00,9.27e-02,1.42e-02,1.60e+00
1.19e-03,4.13e+05,1.19e-03,1.12e-03,4.16e+05,-6.80e+00,57,1.51e+00,7.99e-02,1.14e-02,1.60e+00
1.18e-03,4.10e+05,1.18e-03,1.12e-03,3.70e+05,-6.80e+00,58,1.50e+00,8.05e-02,1.43e-02,1.60e+00
1.17e-03,3.97e+05,1.17e-03,1.11e-03,3.97e+05,-6.81e+00,59,1.49e+00,8.04e-02,1.43e-02,1.58e+00
1.17e-03,3.97e+05,1.17e-03,1.09e-03,3.54e+05,-6.83e+00,60,1.49e+00,8.00e-02,1.42e-02,1.58e+00
1.15e-03,3.89e+05,1.15e-03,1.09e-03,3.62e+05,-6.83e+00,61,1.47e+00,8.02e-02,1.36e-02,1.57e+00
1.15e-03,3.85e+05,1.15e-03,1.10e-03,3.54e+05,-6.82e+00,62,1.49e+00,8.01e-02,1.08e-02,1.58e+00
1.15e-03,3.82e+05,1.15e-03,1.10e-03,3.51e+05,-6.82e+00,63,1.51e+00,8.00e-02,1.14e-02,1.61e+00
1.14e-03,3.78e+05,1.14e-03,1.10e-03,3.59e+05,-6.82e+00,64,1.47e+00,8.06e-02,1.13e-02,1.57e+00
1.13e-03,3.73e+05,1.13e-03,1.06e-03,3.47e+05,-6.85e+00,65,1.51e+00,8.06e-02,1.44e-02,1.60e+00
1.13e-03,3.67e+05,1.13e-03,1.05e-03,3.26e+05,-6.86e+00,66,1.50e+00,7.98e-02,1.43e-02,1.60e+00
1.11e-03,3.56e+05,1.11e-03,1.06e-03,3.31e+05,-6.86e+00,67,1.49e+00,8.04e-02,1.15e-02,1.58e+00
1.11e-03,3.56e+05,1.11e-03,1.05e-03,3.21e+05,-6.86e+00,68,1.51e+00,8.03e-02,1.44e-02,1.60e+00
1.11e-03,3.51e+05,1.11e-03,1.08e-03,3.29e+05,-6.84e+00,69,1.51e+00,8.04e-02,1.15e-02,1.60e+00
1.11e-03,3.49e+05,1.11e-03,1.05e-03,3.13e+05,-6.86e+00,70,1.50e+00,8.76e-02,1.84e-02,1.61e+00
1.10e-03,3.44e+05,1.10e-03,1.06e-03,3.15e+05,-6.85e+00,71,1.49e+00,8.81e-02,1.78e-02,1.60e+00
1.09e-03,3.37e+05,1.09e-03,1.06e-03,3.10e+05,-6.86e+00,72,1.49e+00,8.58e-02,2.05e-02,1.60e+00
1.09e-03,3.40e+05,1.09e-03,1.08e-03,3.18e+05,-6.84e+00,73,1.51e+00,8.08e-02,1.13e-02,1.60e+00
1.09e-03,3.33e+05,1.09e-03,1.06e-03,3.14e+05,-6.86e+00,74,1.49e+00,8.12e-02,1.87e-02,1.59e+00
1.08e-03,3.33e+05,1.08e-03,1.06e-03,3.14e+05,-6.86e+00,75,1.51e+00,8.02e-02,1.36e-02,1.61e+00
1.07e-03,3.29e+05,1.07e-03,1.06e-03,3.10e+05,-6.86e+00,76,1.51e+00,8.86e-02,1.68e-02,1.61e+00
1.08e-03,3.32e+05,1.08e-03,1.09e-03,3.12e+05,-6.83e+00,77,1.49e+00,8.01e-02,1.14e-02,1.58e+00
1.07e-03,3.29e+05,1.07e-03,1.07e-03,3.09e+05,-6.85e+00,78,1.48e+00,9.22e-02,1.15e-02,1.58e+00
1.07e-03,3.26e+05,1.07e-03,1.06e-03,3.24e+05,-6.86e+00,79,1.51e+00,8.11e-02,1.13e-02,1.60e+00
1.06e-03,3.17e+05,1.06e-03,1.14e-03,3.19e+05,-6.78e+00,80,1.51e+00,8.14e-02,1.16e-02,1.60e+00
1.07e-03,3.19e+05,1.07e-03,1.10e-03,3.26e+05,-6.82e+00,81,1.55e+00,8.08e-02,1.72e-02,1.65e+00
1.08e-03,3.27e+05,1.08e-03,1.22e-03,3.42e+05,-6.71e+00,82,1.51e+00,8.09e-02,1.15e-02,1.60e+00
1.09e-03,3.27e+05,1.09e-03,1.14e-03,3.32e+05,-6.78e+00,83,1.51e+00,8.06e-02,1.15e-02,1.60e+00
1.09e-03,3.25e+05,1.09e-03,1.11e-03,3.28e+05,-6.81e+00,84,1.51e+00,8.03e-02,1.15e-02,1.60e+00
1.09e-03,3.22e+05,1.09e-03,1.05e-03,3.14e+05,-6.87e+00,85,1.51e+00,8.03e-02,1.45e-02,1.60e+00
1.06e-03,3.11e+05,1.06e-03,1.04e-03,2.97e+05,-6.88e+00,86,1.51e+00,8.02e-02,1.44e-02,1.60e+00
1.05e-03,3.05e+05,1.05e-03,1.05e-03,2.87e+05,-6.86e+00,87,1.51e+00,8.04e-02,1.14e-02,1.60e+00
1.04e-03,2.95e+05,1.04e-03,1.04e-03,2.90e+05,-6.88e+00,88,1.50e+00,8.02e-02,1.13e-02,1.59e+00
1.04e-03,2.92e+05,1.04e-03,1.07e-03,2.76e+05,-6.85e+00,89,1.49e+00,8.01e-02,1.11e-02,1.58e+00
1.03e-03,2.90e+05,1.03e-03,1.04e-03,2.73e+05,-6.87e+00,90,1.50e+00,8.01e-02,1.13e-02,1.60e+00
1.02e-03,2.86e+05,1.02e-03,1.04e-03,2.72e+05,-6.88e+00,91,1.47e+00,8.02e-02,1.39e-02,1.57e+00
1.01e-03,2.82e+05,1.01e-03,1.08e-03,2.65e+05,-6.84e+00,92,1.50e+00,8.01e-02,1.10e-02,1.59e+00
1.01e-03,2.84e+05,1.01e-03,1.02e-03,2.61e+05,-6.90e+00,93,1.50e+00,8.06e-02,1.38e-02,1.60e+00
1.01e-03,2.80e+05,1.01e-03,1.09e-03,2.71e+05,-6.83e+00,94,1.50e+00,8.00e-02,1.09e-02,1.59e+00
1.01e-03,2.79e+05,1.01e-03,1.04e-03,2.65e+05,-6.88e+00,95,1.50e+00,8.03e-02,1.11e-02,1.59e+00
1.01e-03,2.79e+05,1.01e-03,1.08e-03,2.74e+05,-6.83e+00,96,1.48e+00,8.04e-02,1.11e-02,1.58e+00
1.02e-03,2.82e+05,1.02e-03,1.06e-03,2.81e+05,-6.86e+00,97,1.50e+00,8.05e-02,1.10e-02,1.59e+00
1.03e-03,2.84e+05,1.03e-03,1.03e-03,2.65e+05,-6.89e+00,98,1.50e+00,8.03e-02,1.10e-02,1.59e+00
1.01e-03,2.76e+05,1.01e-03,1.05e-03,2.71e+05,-6.86e+00,99,1.50e+00,8.01e-02,1.15e-02,1.59e+00
1.02e-03,2.83e+05,1.02e-03,1.03e-03,2.70e+05,-6.89e+00,100,1.66e+00,8.13e-02,8.17e-02,1.82e+00
1.01e-03,2.78e+05,1.01e-03,1.06e-03,2.67e+05,-6.86e+00,101,1.48e+00,8.04e-02,1.15e-02,1.57e+00
1.01e-03,2.77e+05,1.01e-03,9.98e-04,2.58e+05,-6.92e+00,102,1.49e+00,8.03e-02,1.90e-02,1.59e+00
9.97e-04,2.72e+05,9.97e-04,1.06e-03,2.61e+05,-6.86e+00,103,1.48e+00,8.03e-02,1.14e-02,1.57e+00
1.00e-03,2.74e+05,1.00e-03,1.06e-03,2.71e+05,-6.86e+00,104,1.49e+00,8.06e-02,1.14e-02,1.58e+00
9.92e-04,2.71e+05,9.92e-04,1.02e-03,2.55e+05,-6.90e+00,105,1.49e+00,8.05e-02,1.12e-02,1.58e+00
9.79e-04,2.66e+05,9.79e-04,1.01e-03,2.61e+05,-6.91e+00,106,1.50e+00,8.04e-02,1.11e-02,1.59e+00
9.79e-04,2.62e+05,9.79e-04,1.09e-03,2.75e+05,-6.83e+00,107,1.50e+00,8.04e-02,1.12e-02,1.59e+00
9.86e-04,2.67e+05,9.86e-04,1.03e-03,2.45e+05,-6.88e+00,108,1.47e+00,8.00e-02,1.15e-02,1.56e+00
9.76e-04,2.63e+05,9.76e-04,9.96e-04,2.53e+05,-6.92e+00,109,1.49e+00,7.99e-02,1.43e-02,1.58e+00
9.67e-04,2.61e+05,9.67e-04,9.99e-04,2.55e+05,-6.92e+00,110,1.51e+00,8.07e-02,1.16e-02,1.60e+00
9.68e-04,2.60e+05,9.68e-04,1.01e-03,2.66e+05,-6.90e+00,111,1.51e+00,8.00e-02,1.13e-02,1.60e+00
9.64e-04,2.59e+05,9.64e-04,1.00e-03,2.57e+05,-6.91e+00,112,1.51e+00,8.04e-02,1.14e-02,1.61e+00
9.53e-04,2.55e+05,9.53e-04,1.06e-03,2.63e+05,-6.86e+00,113,1.51e+00,8.15e-02,1.13e-02,1.60e+00
9.62e-04,2.61e+05,9.62e-04,1.02e-03,2.47e+05,-6.90e+00,114,1.51e+00,9.25e-02,1.14e-02,1.61e+00
9.49e-04,2.54e+05,9.49e-04,1.01e-03,2.46e+05,-6.91e+00,115,1.49e+00,8.12e-02,1.14e-02,1.58e+00
9.49e-04,2.54e+05,9.49e-04,1.01e-03,2.48e+05,-6.91e+00,116,1.51e+00,9.32e-02,1.14e-02,1.61e+00
9.53e-04,2.56e+05,9.53e-04,1.03e-03,2.54e+05,-6.89e+00,117,1.51e+00,8.08e-02,1.14e-02,1.60e+00
9.51e-04,2.53e+05,9.51e-04,9.90e-04,2.40e+05,-6.92e+00,118,1.51e+00,9.39e-02,1.43e-02,1.61e+00
9.40e-04,2.52e+05,9.40e-04,1.11e-03,2.51e+05,-6.81e+00,119,1.55e+00,8.05e-02,1.14e-02,1.64e+00
9.48e-04,2.51e+05,9.48e-04,1.01e-03,2.47e+05,-6.91e+00,120,1.51e+00,8.04e-02,1.17e-02,1.60e+00
9.38e-04,2.52e+05,9.38e-04,1.02e-03,2.48e+05,-6.90e+00,121,1.51e+00,8.05e-02,1.14e-02,1.60e+00
9.42e-04,2.48e+05,9.42e-04,1.03e-03,2.53e+05,-6.89e+00,122,1.50e+00,8.06e-02,1.13e-02,1.60e+00
9.29e-04,2.49e+05,9.29e-04,1.04e-03,2.40e+05,-6.88e+00,123,1.51e+00,8.03e-02,1.13e-02,1.60e+00
9.27e-04,2.44e+05,9.27e-04,9.87e-04,2.33e+05,-6.93e+00,124,1.53e+00,8.05e-02,3.89e-02,1.65e+00
9.17e-04,2.42e+05,9.17e-04,9.96e-04,2.32e+05,-6.92e+00,125,1.47e+00,8.06e-02,1.10e-02,1.56e+00
9.34e-04,2.46e+05,9.34e-04,1.32e-03,2.99e+05,-6.64e+00,126,1.47e+00,8.05e-02,1.10e-02,1.56e+00
9.40e-04,2.46e+05,9.40e-04,1.02e-03,2.39e+05,-6.90e+00,127,1.50e+00,7.98e-02,1.11e-02,1.59e+00
9.16e-04,2.38e+05,9.16e-04,1.01e-03,2.35e+05,-6.90e+00,128,1.50e+00,8.05e-02,1.10e-02,1.59e+00
9.12e-04,2.39e+05,9.12e-04,1.02e-03,2.47e+05,-6.90e+00,129,1.50e+00,8.03e-02,1.10e-02,1.59e+00
9.24e-04,2.40e+05,9.24e-04,1.09e-03,2.53e+05,-6.83e+00,130,1.50e+00,8.04e-02,1.13e-02,1.59e+00
9.28e-04,2.38e+05,9.28e-04,1.01e-03,2.31e+05,-6.90e+00,131,1.50e+00,8.04e-02,1.17e-02,1.59e+00
9.26e-04,2.39e+05,9.26e-04,1.04e-03,2.30e+05,-6.88e+00,132,1.50e+00,9.37e-02,1.11e-02,1.61e+00
9.18e-04,2.35e+05,9.18e-04,1.01e-03,2.38e+05,-6.91e+00,133,1.50e+00,8.11e-02,1.10e-02,1.59e+00
9.28e-04,2.40e+05,9.28e-04,1.01e-03,2.24e+05,-6.91e+00,134,1.50e+00,9.19e-02,1.13e-02,1.60e+00
9.22e-04,2.36e+05,9.22e-04,9.77e-04,2.23e+05,-6.94e+00,135,1.49e+00,9.34e-02,1.48e-02,1.60e+00
9.22e-04,2.36e+05,9.22e-04,1.07e-03,2.54e+05,-6.85e+00,136,1.51e+00,8.06e-02,1.14e-02,1.60e+00
9.29e-04,2.39e+05,9.29e-04,9.69e-04,2.22e+05,-6.95e+00,137,1.47e+00,8.01e-02,1.44e-02,1.57e+00
9.17e-04,2.38e+05,9.17e-04,9.81e-04,2.26e+05,-6.93e+00,138,1.54e+00,7.97e-02,1.12e-02,1.63e+00
9.03e-04,2.33e+05,9.03e-04,9.95e-04,2.23e+05,-6.92e+00,139,1.50e+00,8.06e-02,1.14e-02,1.59e+00
9.17e-04,2.36e+05,9.17e-04,9.95e-04,2.30e+05,-6.92e+00,140,1.50e+00,8.04e-02,1.16e-02,1.60e+00
9.20e-04,2.33e+05,9.20e-04,9.72e-04,2.30e+05,-6.94e+00,141,1.51e+00,7.99e-02,1.13e-02,1.60e+00
9.18e-04,2.35e+05,9.18e-04,1.02e-03,2.20e+05,-6.90e+00,142,1.49e+00,8.06e-02,1.12e-02,1.58e+00
9.12e-04,2.33e+05,9.12e-04,9.95e-04,2.23e+05,-6.92e+00,143,1.50e+00,8.01e-02,1.10e-02,1.59e+00
9.05e-04,2.30e+05,9.05e-04,9.74e-04,2.15e+05,-6.94e+00,144,1.50e+00,8.01e-02,1.10e-02,1.59e+00
8.96e-04,2.28e+05,8.96e-04,9.94e-04,2.24e+05,-6.92e+00,145,1.50e+00,8.01e-02,1.14e-02,1.59e+00
8.92e-04,2.29e+05,8.92e-04,9.58e-04,2.19e+05,-6.96e+00,146,1.48e+00,8.06e-02,1.44e-02,1.57e+00
8.79e-04,2.23e+05,8.79e-04,9.77e-04,2.11e+05,-6.94e+00,147,1.48e+00,8.01e-02,1.14e-02,1.57e+00
8.78e-04,2.24e+05,8.78e-04,9.82e-04,2.22e+05,-6.93e+00,148,1.51e+00,7.99e-02,1.14e-02,1.60e+00
8.73e-04,2.25e+05,8.73e-04,9.53e-04,2.12e+05,-6.96e+00,149,1.50e+00,7.98e-02,1.48e-02,1.60e+00
8.76e-04,2.23e+05,8.76e-04,1.03e-03,2.29e+05,-6.89e+00,150,1.49e+00,8.04e-02,1.16e-02,1.58e+00
8.75e-04,2.23e+05,8.75e-04,9.93e-04,2.22e+05,-6.92e+00,151,1.49e+00,8.16e-02,1.14e-02,1.59e+00
8.70e-04,2.21e+05,8.70e-04,9.97e-04,2.16e+05,-6.92e+00,152,1.51e+00,9.44e-02,1.14e-02,1.61e+00
8.72e-04,2.20e+05,8.72e-04,9.87e-04,2.18e+05,-6.93e+00,153,1.52e+00,8.69e-02,1.14e-02,1.61e+00
8.68e-04,2.19e+05,8.68e-04,9.96e-04,2.10e+05,-6.92e+00,154,1.50e+00,8.06e-02,1.13e-02,1.60e+00
8.67e-04,2.19e+05,8.67e-04,1.02e-03,2.35e+05,-6.90e+00,155,1.51e+00,8.01e-02,1.14e-02,1.60e+00
8.62e-04,2.19e+05,8.62e-04,1.00e-03,2.37e+05,-6.92e+00,156,1.51e+00,8.00e-02,1.14e-02,1.60e+00
8.63e-04,2.16e+05,8.63e-04,9.86e-04,2.12e+05,-6.93e+00,157,1.54e+00,8.03e-02,1.15e-02,1.63e+00
8.68e-04,2.19e+05,8.68e-04,1.00e-03,2.21e+05,-6.91e+00,158,1.50e+00,8.07e-02,1.15e-02,1.60e+00
8.67e-04,2.15e+05,8.67e-04,9.59e-04,2.10e+05,-6.96e+00,159,1.50e+00,8.05e-02,1.15e-02,1.59e+00
8.65e-04,2.14e+05,8.65e-04,9.49e-04,2.04e+05,-6.97e+00,160,1.50e+00,8.01e-02,1.47e-02,1.60e+00
8.77e-04,2.19e+05,8.77e-04,9.49e-04,2.01e+05,-6.97e+00,161,1.50e+00,8.05e-02,1.44e-02,1.60e+00
8.67e-04,2.18e+05,8.67e-04,9.44e-04,2.05e+05,-6.98e+00,162,1.51e+00,8.04e-02,1.44e-02,1.60e+00
8.71e-04,2.20e+05,8.71e-04,9.86e-04,2.10e+05,-6.93e+00,163,1.50e+00,8.02e-02,1.14e-02,1.60e+00
8.83e-04,2.23e+05,8.83e-04,1.02e-03,2.17e+05,-6.90e+00,164,1.50e+00,8.41e-02,1.99e-02,1.61e+00
8.63e-04,2.18e+05,8.63e-04,9.60e-04,2.08e+05,-6.96e+00,165,1.49e+00,8.02e-02,1.14e-02,1.59e+00
8.60e-04,2.18e+05,8.60e-04,9.81e-04,2.21e+05,-6.94e+00,166,1.48e+00,8.02e-02,1.14e-02,1.57e+00
8.61e-04,2.18e+05,8.61e-04,9.84e-04,2.10e+05,-6.93e+00,167,1.47e+00,9.25e-02,1.15e-02,1.58e+00
8.77e-04,2.23e+05,8.77e-04,9.91e-04,2.22e+05,-6.93e+00,168,1.47e+00,8.98e-02,1.55e-02,1.58e+00
8.71e-04,2.19e+05,8.71e-04,1.01e-03,2.07e+05,-6.90e+00,169,1.51e+00,8.09e-02,1.15e-02,1.60e+00
8.71e-04,2.21e+05,8.71e-04,9.82e-04,2.07e+05,-6.94e+00,170,1.49e+00,8.50e-02,2.05e-02,1.60e+00
8.80e-04,2.20e+05,8.80e-04,1.01e-03,2.10e+05,-6.91e+00,171,1.49e+00,8.09e-02,2.11e-02,1.59e+00
8.82e-04,2.20e+05,8.82e-04,1.03e-03,2.05e+05,-6.89e+00,172,1.50e+00,8.36e-02,1.11e-02,1.59e+00
8.75e-04,2.18e+05,8.75e-04,9.89e-04,2.10e+05,-6.93e+00,173,1.50e+00,8.04e-02,1.10e-02,1.59e+00
8.81e-04,2.19e+05,8.81e-04,9.38e-04,2.00e+05,-6.98e+00,174,1.50e+00,8.01e-02,1.46e-02,1.59e+00
8.83e-04,2.16e+05,8.83e-04,9.52e-04,2.08e+05,-6.97e+00,175,1.53e+00,8.04e-02,1.10e-02,1.62e+00
8.58e-04,2.09e+05,8.58e-04,9.49e-04,1.99e+05,-6.97e+00,176,1.47e+00,9.29e-02,1.09e-02,1.58e+00
8.54e-04,2.11e+05,8.54e-04,9.59e-04,2.04e+05,-6.96e+00,177,1.49e+00,9.27e-02,1.08e-02,1.59e+00
8.53e-04,2.09e+05,8.53e-04,9.43e-04,2.01e+05,-6.97e+00,178,1.50e+00,8.06e-02,1.12e-02,1.59e+00
8.51e-04,2.10e+05,8.51e-04,9.38e-04,1.96e+05,-6.98e+00,179,1.50e+00,8.07e-02,1.41e-02,1.60e+00
8.44e-04,2.06e+05,8.44e-04,9.47e-04,1.92e+05,-6.97e+00,180,1.50e+00,8.01e-02,1.11e-02,1.59e+00
8.45e-04,2.09e+05,8.45e-04,9.66e-04,2.07e+05,-6.96e+00,181,1.50e+00,8.01e-02,1.15e-02,1.59e+00
8.42e-04,2.05e+05,8.42e-04,9.58e-04,1.93e+05,-6.96e+00,182,1.50e+00,8.04e-02,1.13e-02,1.60e+00
8.36e-04,2.07e+05,8.36e-04,9.19e-04,1.95e+05,-7.00e+00,183,1.49e+00,8.04e-02,1.44e-02,1.59e+00
8.39e-04,2.04e+05,8.39e-04,9.58e-04,2.07e+05,-6.96e+00,184,1.50e+00,8.01e-02,1.14e-02,1.59e+00
8.35e-04,2.06e+05,8.35e-04,9.45e-04,1.88e+05,-6.97e+00,185,1.51e+00,8.03e-02,1.14e-02,1.60e+00
8.30e-04,2.05e+05,8.30e-04,9.27e-04,1.94e+05,-6.99e+00,186,1.51e+00,8.04e-02,1.13e-02,1.60e+00
8.36e-04,2.05e+05,8.36e-04,9.55e-04,2.04e+05,-6.97e+00,187,1.52e+00,8.04e-02,1.13e-02,1.61e+00
8.30e-04,2.00e+05,8.30e-04,9.95e-04,1.99e+05,-6.92e+00,188,1.51e+00,8.01e-02,1.13e-02,1.60e+00
8.44e-04,2.01e+05,8.44e-04,9.80e-04,1.97e+05,-6.94e+00,189,1.50e+00,8.03e-02,1.14e-02,1.59e+00
8.26e-04,2.00e+05,8.26e-04,9.43e-04,1.93e+05,-6.98e+00,190,1.49e+00,8.06e-02,1.14e-02,1.58e+00
8.30e-04,2.04e+05,8.30e-04,9.61e-04,2.00e+05,-6.96e+00,191,1.50e+00,8.10e-02,1.64e-02,1.60e+00
8.26e-04,2.01e+05,8.26e-04,9.90e-04,1.99e+05,-6.93e+00,192,1.50e+00,8.72e-02,1.09e-02,1.60e+00
8.34e-04,2.05e+05,8.34e-04,9.47e-04,1.97e+05,-6.98e+00,193,1.49e+00,9.20e-02,1.13e-02,1.59e+00
8.29e-04,2.04e+05,8.29e-04,1.02e-03,1.95e+05,-6.90e+00,194,3.06e+00,1.13e-01,4.27e-02,3.21e+00
8.33e-04,2.06e+05,8.33e-04,9.69e-04,2.14e+05,-6.95e+00,195,1.51e+00,8.05e-02,1.14e-02,1.60e+00
8.22e-04,2.02e+05,8.22e-04,9.60e-04,1.90e+05,-6.96e+00,196,1.51e+00,8.04e-02,1.14e-02,1.60e+00
8.37e-04,2.08e+05,8.37e-04,9.62e-04,2.06e+05,-6.96e+00,197,1.49e+00,8.05e-02,1.14e-02,1.58e+00
8.48e-04,2.03e+05,8.48e-04,1.00e-03,2.18e+05,-6.92e+00,198,1.51e+00,8.01e-02,1.13e-02,1.60e+00
8.36e-04,2.01e+05,8.36e-04,1.02e-03,2.08e+05,-6.89e+00,199,1.49e+00,8.03e-02,1.14e-02,1.58e+00
8.32e-04,2.01e+05,8.32e-04,1.01e-03,2.03e+05,-6.91e+00,200,1.50e+00,8.05e-02,1.43e-02,1.59e+00
