train_mse_loss,train_inter_physics_loss,train_loss,valid_mse_loss,valid_inter_physics_loss,valid_loss,epoch,train_seconds,valid_seconds,checkpoint_seconds,total_seconds
1.37e-01,3.16e+08,1.37e-01,8.08e-03,1.10e+07,-4.82e+00,0,1.30e+01,2.27e-01,1.56e-01,1.34e+01
5.71e-03,6.35e+06,5.71e-03,3.86e-03,3.78e+06,-5.56e+00,1,2.57e+00,1.30e-01,2.79e-02,2.73e+00
3.70e-03,2.83e+06,3.70e-03,3.56e-03,2.40e+06,-5.65e+00,2,2.57e+00,1.30e-01,2.88e-02,2.72e+00
3.18e-03,1.87e+06,3.18e-03,3.55e-03,1.93e+06,-5.65e+00,3,2.57e+00,1.26e-01,2.89e-02,2.72e+00
2.97e-03,1.46e+06,2.97e-03,2.96e-03,1.44e+06,-5.84e+00,4,2.52e+00,1.24e-01,2.86e-02,2.67e+00
2.90e-03,1.27e+06,2.90e-03,2.51e-03,1.11e+06,-6.00e+00,5,2.45e+00,1.22e-01,2.88e-02,2.60e+00
2.71e-03,1.08e+06,2.71e-03,2.43e-03,9.64e+05,-6.03e+00,6,2.46e+00,1.21e-01,3.79e-02,2.62e+00
2.61e-03,9.86e+05,2.61e-03,2.38e-03,9.22e+05,-6.05e+00,7,2.45e+00,1.21e-01,4.62e-02,2.62e+00
2.52e-03,9.48e+05,2.52e-03,2.28e-03,9.16e+05,-6.10e+00,8,2.47e+00,1.23e-01,4.46e-02,2.64e+00
2.41e-03,9.72e+05,2.41e-03,2.21e-03,1.02e+06,-6.13e+00,9,2.48e+00,1.22e-01,4.35e-02,2.65e+00
2.27e-03,1.05e+06,2.27e-03,2.13e-03,1.17e+06,-6.16e+00,10,2.47e+00,1.23e-01,4.38e-02,2.64e+00
2.12e-03,1.07e+06,2.12e-03,2.06e-03,1.15e+06,-6.19e+00,11,2.47e+00,1.21e-01,4.48e-02,2.63e+00
2.01e-03,1.02e+06,2.01e-03,1.91e-03,1.04e+06,-6.27e+00,12,2.47e+00,1.23e-01,3.75e-02,2.63e+00
1.92e-03,9.75e+05,1.92e-03,1.82e-03,9.45e+05,-6.32e+00,13,2.45e+00,1.23e-01,3.75e-02,2.61e+00
1.87e-03,9.22e+05,1.87e-03,1.76e-03,8.69e+05,-6.35e+00,14,2.47e+00,1.21e-01,4.32e-02,2.63e+00
1.82e-03,8.91e+05,1.82e-03,1.71e-03,8.18e+05,-6.38e+00,15,2.46e+00,1.23e-01,4.30e-02,2.63e+00
1.78e-03,8.42e+05,1.78e-03,1.69e-03,7.96e+05,-6.39e+00,16,2.47e+00,1.23e-01,4.46e-02,2.63e+00
1.76e-03,8.23e+05,1.76e-03,1.68e-03,7.41e+05,-6.40e+00,17,2.49e+00,1.22e-01,3.79e-02,2.65e+00
1.74e-03,8.06e+05,1.74e-03,1.67e-03,7.75e+05,-6.40e+00,18,2.46e+00,1.22e-01,4.37e-02,2.63e+00
1.72e-03,7.63e+05,1.72e-03,1.67e-03,7.24e+05,-6.41e+00,19,2.46e+00,1.22e-01,5.40e-02,2.64e+00
1.70e-03,7.45e+05,1.70e-03,1.63e-03,7.18e+05,-6.43e+00,20,2.46e+00,1.21e-01,4.48e-02,2.63e+00
1.69e-03,7.08e+05,1.69e-03,1.63e-03,6.94e+05,-6.43e+00,21,2.45e+00,1.22e-01,4.26e-02,2.62e+00
1.67e-03,6.99e+05,1.67e-03,1.64e-03,7.03e+05,-6.42e+00,22,2.45e+00,1.22e-01,3.06e-02,2.60e+00
1.66e-03,6.82e+05,1.66e-03,1.63e-03,6.61e+05,-6.43e+00,23,2.44e+00,1.21e-01,3.06e-02,2.59e+00
1.65e-03,6.59e+05,1.65e-03,1.64e-03,6.75e+05,-6.42e+00,24,2.44e+00,1.21e-01,3.13e-02,2.59e+00
1.64e-03,6.42e+05,1.64e-03,1.61e-03,6.39e+05,-6.44e+00,25,2.46e+00,1.23e-01,3.76e-02,2.62e+00
1.63e-03,6.28e+05,1.63e-03,1.63e-03,6.24e+05,-6.43e+00,26,2.47e+00,1.21e-01,3.11e-02,2.62e+00
1.62e-03,6.09e+05,1.62e-03,1.64e-03,6.23e+05,-6.42e+00,27,2.44e+00,1.21e-01,3.04e-02,2.60e+00
1.61e-03,6.00e+05,1.61e-03,1.67e-03,6.20e+05,-6.40e+00,28,2.46e+00,1.22e-01,3.11e-02,2.61e+00
1.60e-03,5.77e+05,1.60e-03,1.70e-03,5.94e+05,-6.39e+00,29,2.47e+00,1.28e-01,3.13e-02,2.63e+00
1.59e-03,5.69e+05,1.59e-03,1.74e-03,6.08e+05,-6.36e+00,30,2.49e+00,1.24e-01,3.14e-02,2.65e+00
1.58e-03,5.58e+05,1.58e-03,1.74e-03,5.72e+05,-6.36e+00,31,2.48e+00,1.23e-01,3.01e-02,2.63e+00
1.57e-03,5.40e+05,1.57e-03,1.73e-03,5.42e+05,-6.37e+00,32,2.47e+00,1.25e-01,3.09e-02,2.63e+00
1.56e-03,5.27e+05,1.56e-03,1.64e-03,5.28e+05,-6.42e+00,33,2.46e+00,1.21e-01,3.08e-02,2.61e+00
1.55e-03,5.14e+05,1.55e-03,1.63e-03,5.01e+05,-6.43e+00,34,2.47e+00,1.25e-01,3.17e-02,2.63e+00
1.54e-03,5.10e+05,1.54e-03,1.62e-03,4.85e+05,-6.43e+00,35,2.45e+00,1.21e-01,2.97e-02,2.61e+00
1.53e-03,4.96e+05,1.53e-03,1.57e-03,4.62e+05,-6.47e+00,36,2.46e+00,1.24e-01,3.71e-02,2.62e+00
1.53e-03,4.87e+05,1.53e-03,1.53e-03,4.33e+05,-6.49e+00,37,2.48e+00,1.28e-01,3.72e-02,2.65e+00
1.51e-03,4.86e+05,1.51e-03,1.52e-03,4.35e+05,-6.50e+00,38,2.47e+00,1.22e-01,4.07e-02,2.64e+00
1.51e-03,4.71e+05,1.51e-03,1.54e-03,4.30e+05,-6.49e+00,39,2.46e+00,1.22e-01,3.21e-02,2.61e+00
1.51e-03,4.65e+05,1.51e-03,1.54e-03,4.25e+05,-6.49e+00,40,2.45e+00,1.24e-01,3.11e-02,2.61e+00
1.50e-03,4.55e+05,1.50e-03,1.49e-03,4.18e+05,-6.52e+00,41,2.47e+00,1.21e-01,4.42e-02,2.63e+00
1.49e-03,4.47e+05,1.49e-03,1.46e-03,3.94e+05,-6.54e+00,42,2.45e+00,1.22e-01,7.02e-02,2.64e+00
1.48e-03,4.39e+05,1.48e-03,1.48e-03,4.07e+05,-6.53e+00,43,2.46e+00,1.23e-01,3.06e-02,2.61e+00
1.47e-03,4.30e+05,1.47e-03,1.46e-03,4.05e+05,-6.54e+00,44,2.45e+00,1.22e-01,3.21e-02,2.61e+00
1.46e-03,4.25e+05,1.46e-03,1.43e-03,4.17e+05,-6.56e+00,45,2.47e+00,1.22e-01,4.43e-02,2.64e+00
1.45e-03,4.24e+05,1.45e-03,1.43e-03,4.06e+05,-6.56e+00,46,2.47e+00,1.23e-01,3.19e-02,2.62e+00
1.44e-03,4.11e+05,1.44e-03,1.42e-03,4.03e+05,-6.57e+00,47,2.45e+00,1.23e-01,4.33e-02,2.61e+00
1.43e-03,4.08e+05,1.43e-03,1.41e-03,3.85e+05,-6.57e+00,48,2.46e+00,1.22e-01,3.69e-02,2.61e+00
1.43e-03,4.09e+05,1.43e-03,1.44e-03,4.31e+05,-6.55e+00,49,2.44e+00,1.21e-01,3.11e-02,2.59e+00
1.42e-03,4.01e+05,1.42e-03,1.40e-03,3.91e+05,-6.58e+00,50,2.46e+00,1.21e-01,3.76e-02,2.62e+00
1.41e-03,3.93e+05,1.41e-03,1.44e-03,4.21e+05,-6.55e+00,51,2.44e+00,1.22e-01,3.04e-02,2.59e+00
1.41e-03,3.95e+05,1.41e-03,1.41e-03,3.98e+05,-6.57e+00,52,2.46e+00,1.21e-01,3.15e-02,2.61e+00
1.40e-03,3.84e+05,1.40e-03,1.38e-03,3.85e+05,-6.60e+00,53,2.46e+00,1.23e-01,4.48e-02,2.63e+00
1.38e-03,3.78e+05,1.38e-03,1.37e-03,3.76e+05,-6.60e+00,54,2.44e+00,1.22e-01,4.42e-02,2.61e+00
1.38e-03,3.71e+05,1.38e-03,1.36e-03,3.71e+05,-6.61e+00,55,2.63e+00,1.24e-01,3.76e-02,2.79e+00
1.37e-03,3.66e+05,1.37e-03,1.37e-03,3.63e+05,-6.60e+00,56,2.45e+00,1.22e-01,3.15e-02,2.60e+00
1.36e-03,3.59e+05,1.36e-03,1.35e-03,3.49e+05,-6.62e+00,57,2.45e+00,1.22e-01,4.42e-02,2.62e+00
1.36e-03,3.58e+05,1.36e-03,1.35e-03,3.58e+05,-6.62e+00,58,2.48e+00,1.20e-01,4.33e-02,2.64e+00
1.34e-03,3.51e+05,1.34e-03,1.34e-03,3.44e+05,-6.62e+00,59,2.45e+00,1.23e-01,4.48e-02,2.62e+00
1.34e-03,3.44e+05,1.34e-03,1.34e-03,3.26e+05,-6.62e+00,60,2.45e+00,1.22e-01,3.09e-02,2.61e+00
1.35e-03,3.55e+05,1.35e-03,1.32e-03,3.46e+05,-6.64e+00,61,2.47e+00,1.23e-01,4.37e-02,2.64e+00
1.33e-03,3.41e+05,1.33e-03,1.31e-03,3.24e+05,-6.65e+00,62,2.45e+00,1.22e-01,4.46e-02,2.62e+00
1.33e-03,3.39e+05,1.33e-03,1.31e-03,3.37e+05,-6.65e+00,63,2.45e+00,1.22e-01,3.09e-02,2.61e+00
1.33e-03,3.33e+05,1.33e-03,1.31e-03,3.25e+05,-6.65e+00,64,2.46e+00,1.23e-01,4.39e-02,2.62e+00
1.32e-03,3.30e+05,1.32e-03,1.28e-03,3.20e+05,-6.67e+00,65,2.45e+00,1.22e-01,4.30e-02,2.62e+00
1.32e-03,3.34e+05,1.32e-03,1.30e-03,3.26e+05,-6.65e+00,66,2.44e+00,1.21e-01,3.17e-02,2.59e+00
1.31e-03,3.22e+05,1.31e-03,1.33e-03,3.19e+05,-6.63e+00,67,2.44e+00,1.22e-01,3.17e-02,2.59e+00
1.32e-03,3.25e+05,1.32e-03,1.29e-03,3.23e+05,-6.67e+00,68,2.41e+00,1.19e-01,3.14e-02,2.56e+00
1.30e-03,3.22e+05,1.30e-03,1.27e-03,3.10e+05,-6.68e+00,69,2.42e+00,1.20e-01,3.72e-02,2.58e+00
1.29e-03,3.11e+05,1.29e-03,1.27e-03,3.08e+05,-6.68e+00,70,2.41e+00,1.21e-01,4.37e-02,2.57e+00
1.29e-03,3.09e+05,1.29e-03,1.26e-03,3.01e+05,-6.69e+00,71,2.42e+00,1.20e-01,4.05e-02,2.58e+00
1.27e-03,3.05e+05,1.27e-03,1.25e-03,2.90e+05,-6.70e+00,72,2.44e+00,1.22e-01,4.38e-02,2.61e+00
1.28e-03,3.06e+05,1.28e-03,1.25e-03,2.92e+05,-6.70e+00,73,2.43e+00,1.21e-01,4.35e-02,2.60e+00
1.27e-03,2.98e+05,1.27e-03,1.24e-03,2.83e+05,-6.70e+00,74,2.43e+00,1.24e-01,3.95e-02,2.59e+00
1.27e-03,2.96e+05,1.27e-03,1.23e-03,2.80e+05,-6.71e+00,75,2.42e+00,1.21e-01,4.22e-02,2.59e+00
1.27e-03,2.97e+05,1.27e-03,1.23e-03,2.76e+05,-6.71e+00,76,2.42e+00,1.21e-01,3.04e-02,2.57e+00
1.28e-03,2.98e+05,1.28e-03,1.21e-03,2.69e+05,-6.73e+00,77,2.43e+00,1.21e-01,4.28e-02,2.60e+00
1.26e-03,2.91e+05,1.26e-03,1.21e-03,2.75e+05,-6.73e+00,78,2.44e+00,1.22e-01,3.11e-02,2.59e+00
1.27e-03,2.89e+05,1.27e-03,1.19e-03,2.57e+05,-6.74e+00,79,2.43e+00,1.20e-01,4.24e-02,2.60e+00
1.26e-03,2.87e+05,1.26e-03,1.26e-03,2.70e+05,-6.68e+00,80,2.45e+00,1.23e-01,2.99e-02,2.61e+00
1.25e-03,2.80e+05,1.25e-03,1.22e-03,2.52e+05,-6.72e+00,81,2.44e+00,1.21e-01,3.08e-02,2.59e+00
1.25e-03,2.78e+05,1.25e-03,1.19e-03,2.46e+05,-6.74e+00,82,2.45e+00,1.24e-01,4.34e-02,2.62e+00
1.26e-03,2.83e+05,1.26e-03,1.22e-03,2.50e+05,-6.72e+00,83,2.44e+00,1.21e-01,3.11e-02,2.59e+00
1.24e-03,2.72e+05,1.24e-03,1.22e-03,2.52e+05,-6.72e+00,84,2.46e+00,1.22e-01,3.09e-02,2.61e+00
1.24e-03,2.71e+05,1.24e-03,1.17e-03,2.44e+05,-6.76e+00,85,2.46e+00,1.25e-01,4.46e-02,2.63e+00
1.24e-03,2.72e+05,1.24e-03,1.17e-03,2.45e+05,-6.76e+00,86,2.46e+00,1.24e-01,3.77e-02,2.63e+00
1.23e-03,2.68e+05,1.23e-03,1.16e-03,2.44e+05,-6.77e+00,87,2.45e+00,1.21e-01,3.84e-02,2.61e+00
1.23e-03,2.66e+05,1.23e-03,1.15e-03,2.40e+05,-6.78e+00,88,2.44e+00,1.24e-01,4.07e-02,2.60e+00
1.25e-03,2.67e+05,1.25e-03,1.26e-03,2.46e+05,-6.68e+00,89,2.43e+00,1.23e-01,3.15e-02,2.59e+00
1.26e-03,2.78e+05,1.26e-03,1.14e-03,2.24e+05,-6.78e+00,90,2.45e+00,1.22e-01,4.35e-02,2.61e+00
1.22e-03,2.58e+05,1.22e-03,1.16e-03,2.33e+05,-6.77e+00,91,2.46e+00,1.25e-01,3.11e-02,2.62e+00
1.22e-03,2.56e+05,1.22e-03,1.16e-03,2.35e+05,-6.77e+00,92,2.47e+00,1.23e-01,3.18e-02,2.62e+00
1.23e-03,2.60e+05,1.23e-03,1.19e-03,2.37e+05,-6.74e+00,93,2.46e+00,1.23e-01,3.08e-02,2.61e+00
1.22e-03,2.58e+05,1.22e-03,1.17e-03,2.35e+05,-6.76e+00,94,2.46e+00,1.22e-01,3.12e-02,2.61e+00
1.23e-03,2.66e+05,1.23e-03,1.17e-03,2.43e+05,-6.76e+00,95,2.48e+00,1.24e-01,3.00e-02,2.64e+00
1.23e-03,2.56e+05,1.23e-03,1.16e-03,2.26e+05,-6.77e+00,96,2.46e+00,1.23e-01,3.05e-02,2.61e+00
1.22e-03,2.51e+05,1.22e-03,1.18e-03,2.27e+05,-6.75e+00,97,2.45e+00,1.20e-01,3.12e-02,2.60e+00
1.23e-03,2.56e+05,1.23e-03,1.22e-03,2.22e+05,-6.71e+00,98,2.43e+00,1.21e-01,3.09e-02,2.59e+00
1.22e-03,2.53e+05,1.22e-03,1.17e-03,2.37e+05,-6.75e+00,99,2.44e+00,1.23e-01,3.00e-02,2.59e+00
1.23e-03,2.51e+05,1.23e-03,1.20e-03,2.39e+05,-6.73e+00,100,2.43e+00,1.21e-01,3.05e-02,2.58e+00
1.21e-03,2.43e+05,1.21e-03,1.20e-03,2.25e+05,-6.73e+00,101,2.44e+00,1.22e-01,3.05e-02,2.59e+00
1.21e-03,2.47e+05,1.21e-03,1.19e-03,2.34e+05,-6.74e+00,102,2.46e+00,1.23e-01,3.13e-02,2.61e+00
1.21e-03,2.45e+05,1.21e-03,1.17e-03,2.23e+05,-6.76e+00,103,2.42e+00,1.23e-01,3.11e-02,2.58e+00
1.20e-03,2.44e+05,1.20e-03,1.18e-03,2.19e+05,-6.75e+00,104,2.43e+00,1.24e-01,3.12e-02,2.58e+00
1.20e-03,2.39e+05,1.20e-03,1.19e-03,2.31e+05,-6.74e+00,105,2.45e+00,1.21e-01,3.08e-02,2.60e+00
1.20e-03,2.45e+05,1.20e-03,1.18e-03,2.31e+05,-6.75e+00,106,2.45e+00,1.21e-01,3.05e-02,2.60e+00
1.19e-03,2.38e+05,1.19e-03,1.17e-03,2.29e+05,-6.76e+00,107,2.46e+00,1.21e-01,4.07e-02,2.62e+00
