train_mse_loss,train_inter_physics_loss,train_loss,valid_mse_loss,valid_inter_physics_loss,valid_loss,epoch,train_seconds,valid_seconds,checkpoint_seconds,total_seconds
1.96e-03,1.17e+06,2.07e-03,1.96e-03,1.08e+06,-6.24e+00,8,4.94e+00,2.30e-01,3.89e-02,5.21e+00
1.88e-03,1.03e+06,1.98e-03,1.94e-03,1.04e+06,-6.25e+00,9,5.00e+00,2.50e-01,4.64e-02,5.29e+00
1.81e-03,9.60e+05,1.90e-03,1.87e-03,9.34e+05,-6.29e+00,10,5.20e+00,2.47e-01,4.86e-02,5.50e+00
1.74e-03,9.07e+05,1.83e-03,1.85e-03,8.92e+05,-6.30e+00,11,5.15e+00,2.41e-01,6.95e-02,5.46e+00
1.69e-03,8.73e+05,1.78e-03,1.79e-03,8.92e+05,-6.33e+00,12,5.08e+00,2.41e-01,4.70e-02,5.37e+00
1.65e-03,8.31e+05,1.73e-03,1.78e-03,8.14e+05,-6.34e+00,13,5.17e+00,2.48e-01,4.59e-02,5.46e+00
1.61e-03,7.87e+05,1.69e-03,1.72e-03,7.65e+05,-6.37e+00,14,5.19e+00,2.49e-01,4.62e-02,5.48e+00
1.57e-03,7.59e+05,1.65e-03,1.69e-03,7.54e+05,-6.39e+00,15,5.18e+00,2.45e-01,4.54e-02,5.47e+00
1.55e-03,7.37e+05,1.63e-03,1.66e-03,7.18e+05,-6.40e+00,16,5.18e+00,2.51e-01,4.54e-02,5.48e+00
1.53e-03,7.14e+05,1.60e-03,1.58e-03,7.01e+05,-6.45e+00,17,5.18e+00,2.42e-01,1.74e-01,5.60e+00
1.50e-03,6.97e+05,1.57e-03,1.54e-03,7.11e+05,-6.48e+00,18,5.13e+00,2.41e-01,4.66e-02,5.41e+00
1.47e-03,6.69e+05,1.54e-03,1.50e-03,7.18e+05,-6.51e+00,19,4.90e+00,2.28e-01,6.70e-02,5.19e+00
1.44e-03,6.43e+05,1.50e-03,1.49e-03,7.31e+05,-6.51e+00,20,6.88e+00,2.47e-01,1.59e-01,7.29e+00
1.41e-03,6.25e+05,1.47e-03,1.46e-03,7.15e+05,-6.53e+00,21,5.10e+00,2.44e-01,4.54e-02,5.39e+00
1.38e-03,6.03e+05,1.44e-03,1.45e-03,7.31e+05,-6.54e+00,22,5.07e+00,2.34e-01,4.47e-02,5.35e+00
1.36e-03,5.83e+05,1.41e-03,1.41e-03,6.99e+05,-6.57e+00,23,5.06e+00,2.36e-01,4.53e-02,5.34e+00
1.33e-03,5.69e+05,1.39e-03,1.37e-03,6.58e+05,-6.60e+00,24,6.74e+00,2.49e-01,4.61e-01,7.45e+00
1.30e-03,5.53e+05,1.36e-03,1.32e-03,6.19e+05,-6.64e+00,25,6.41e+00,2.55e-01,1.31e-01,6.80e+00
1.27e-03,5.38e+05,1.33e-03,1.30e-03,6.06e+05,-6.65e+00,26,5.14e+00,2.50e-01,6.32e-02,5.45e+00
1.25e-03,5.17e+05,1.30e-03,1.24e-03,5.63e+05,-6.70e+00,27,5.17e+00,2.46e-01,1.30e-01,5.55e+00
1.22e-03,5.11e+05,1.27e-03,1.23e-03,5.45e+05,-6.71e+00,28,5.15e+00,2.49e-01,4.51e-02,5.44e+00
1.20e-03,4.93e+05,1.25e-03,1.19e-03,5.01e+05,-6.74e+00,29,5.21e+00,2.55e-01,4.50e-02,5.51e+00
1.18e-03,4.78e+05,1.22e-03,1.18e-03,5.05e+05,-6.74e+00,30,5.18e+00,2.49e-01,7.80e-02,5.50e+00
1.16e-03,4.69e+05,1.20e-03,1.17e-03,5.02e+05,-6.75e+00,31,5.12e+00,2.34e-01,4.37e-02,5.40e+00
1.14e-03,4.52e+05,1.18e-03,1.17e-03,5.01e+05,-6.75e+00,32,5.06e+00,2.46e-01,4.39e-02,5.35e+00
1.13e-03,4.40e+05,1.17e-03,1.16e-03,4.98e+05,-6.76e+00,33,8.15e+00,2.34e-01,2.04e-01,8.59e+00
1.12e-03,4.27e+05,1.16e-03,1.11e-03,4.82e+05,-6.81e+00,34,4.91e+00,2.34e-01,4.52e-02,5.19e+00
1.11e-03,4.13e+05,1.15e-03,1.08e-03,4.86e+05,-6.84e+00,35,4.92e+00,2.33e-01,4.38e-02,5.20e+00
1.09e-03,4.05e+05,1.13e-03,1.07e-03,4.80e+05,-6.85e+00,36,4.93e+00,2.35e-01,4.39e-02,5.21e+00
1.08e-03,3.95e+05,1.12e-03,1.06e-03,4.57e+05,-6.85e+00,37,4.92e+00,2.33e-01,4.50e-02,5.20e+00
1.07e-03,3.87e+05,1.11e-03,1.05e-03,4.41e+05,-6.86e+00,38,4.94e+00,2.34e-01,4.37e-02,5.22e+00
1.06e-03,3.79e+05,1.10e-03,1.04e-03,4.33e+05,-6.87e+00,39,4.93e+00,2.38e-01,7.46e-02,5.24e+00
1.05e-03,3.71e+05,1.09e-03,1.03e-03,3.91e+05,-6.88e+00,40,4.99e+00,2.46e-01,1.03e-01,5.34e+00
1.04e-03,3.59e+05,1.08e-03,1.02e-03,3.81e+05,-6.89e+00,41,5.15e+00,2.50e-01,4.43e-02,5.44e+00
1.04e-03,3.52e+05,1.07e-03,1.01e-03,3.67e+05,-6.90e+00,42,5.19e+00,2.35e-01,4.43e-02,5.47e+00
1.03e-03,3.46e+05,1.06e-03,1.00e-03,3.64e+05,-6.91e+00,43,5.19e+00,2.50e-01,4.51e-02,5.48e+00
1.02e-03,3.40e+05,1.05e-03,9.94e-04,3.55e+05,-6.92e+00,44,5.15e+00,2.36e-01,4.30e-02,5.43e+00
1.01e-03,3.32e+05,1.04e-03,9.91e-04,3.61e+05,-6.92e+00,45,5.16e+00,2.48e-01,1.84e-01,5.59e+00
1.00e-03,3.25e+05,1.03e-03,9.88e-04,3.68e+05,-6.92e+00,46,5.07e+00,2.44e-01,9.02e-02,5.41e+00
9.92e-04,3.20e+05,1.02e-03,9.83e-04,3.45e+05,-6.93e+00,47,5.09e+00,2.46e-01,1.27e-01,5.47e+00
9.85e-04,3.12e+05,1.02e-03,9.85e-04,3.34e+05,-6.93e+00,48,5.11e+00,2.41e-01,7.26e-02,5.43e+00
9.82e-04,3.13e+05,1.01e-03,9.99e-04,3.45e+05,-6.91e+00,49,5.14e+00,2.50e-01,3.71e-02,5.43e+00
9.76e-04,3.07e+05,1.01e-03,1.01e-03,3.40e+05,-6.90e+00,50,5.20e+00,2.43e-01,3.82e-02,5.48e+00
9.68e-04,3.03e+05,9.98e-04,1.01e-03,3.27e+05,-6.90e+00,51,5.18e+00,2.53e-01,3.80e-02,5.47e+00
9.63e-04,2.99e+05,9.93e-04,1.02e-03,3.21e+05,-6.89e+00,52,5.21e+00,2.47e-01,1.04e-01,5.56e+00
9.60e-04,2.94e+05,9.89e-04,1.03e-03,3.31e+05,-6.88e+00,53,5.23e+00,2.46e-01,7.05e-02,5.55e+00
9.57e-04,2.89e+05,9.86e-04,1.03e-03,3.24e+05,-6.88e+00,54,5.10e+00,2.46e-01,5.79e-02,5.40e+00
9.54e-04,2.87e+05,9.83e-04,1.03e-03,3.22e+05,-6.88e+00,55,5.10e+00,2.41e-01,6.38e-02,5.41e+00
9.53e-04,2.84e+05,9.82e-04,1.04e-03,3.14e+05,-6.88e+00,56,5.13e+00,2.45e-01,4.86e-02,5.42e+00
9.50e-04,2.81e+05,9.78e-04,1.03e-03,2.99e+05,-6.88e+00,57,5.14e+00,2.42e-01,3.71e-02,5.42e+00
9.48e-04,2.76e+05,9.75e-04,1.05e-03,2.84e+05,-6.87e+00,58,5.23e+00,2.51e-01,4.47e-02,5.53e+00
