train_mse_loss,train_inter_physics_loss,train_loss,valid_mse_loss,valid_inter_physics_loss,valid_loss,epoch,train_seconds,valid_seconds,checkpoint_seconds,total_seconds
1.06e-01,2.37e+08,1.06e-01,6.74e-03,9.85e+06,-5.00e+00,0,1.51e+01,3.31e-01,1.33e-01,1.56e+01
4.67e-03,4.93e+06,4.67e-03,3.46e-03,2.60e+06,-5.67e+00,1,4.50e+00,2.06e-01,3.90e-02,4.74e+00
3.59e-03,2.21e+06,3.59e-03,3.09e-03,1.81e+06,-5.79e+00,2,4.29e+00,2.06e-01,3.94e-02,4.53e+00
3.27e-03,1.70e+06,3.27e-03,2.83e-03,1.46e+06,-5.88e+00,3,4.30e+00,2.06e-01,1.41e-01,4.64e+00
3.03e-03,1.53e+06,3.03e-03,2.59e-03,1.40e+06,-5.97e+00,4,4.31e+00,2.15e-01,4.09e-02,4.57e+00
2.81e-03,1.49e+06,2.81e-03,2.49e-03,1.49e+06,-6.00e+00,5,4.53e+00,2.13e-01,4.11e-02,4.79e+00
2.59e-03,1.44e+06,2.59e-03,2.30e-03,1.36e+06,-6.08e+00,6,4.48e+00,2.16e-01,8.77e-02,4.79e+00
2.39e-03,1.36e+06,2.39e-03,2.15e-03,1.19e+06,-6.15e+00,7,4.51e+00,2.15e-01,1.39e-01,4.86e+00
2.22e-03,1.26e+06,2.22e-03,1.99e-03,1.13e+06,-6.22e+00,8,4.51e+00,2.19e-01,8.64e-02,4.81e+00
2.11e-03,1.20e+06,2.11e-03,1.89e-03,1.03e+06,-6.27e+00,9,4.49e+00,2.15e-01,1.31e-01,4.84e+00
2.02e-03,1.13e+06,2.02e-03,1.81e-03,9.63e+05,-6.32e+00,10,4.56e+00,2.13e-01,6.61e-02,4.84e+00
1.94e-03,1.08e+06,1.94e-03,1.73e-03,8.86e+05,-6.36e+00,11,4.41e+00,2.15e-01,5.73e-02,4.68e+00
1.89e-03,1.03e+06,1.89e-03,1.69e-03,8.81e+05,-6.39e+00,12,4.30e+00,2.10e-01,1.01e-01,4.61e+00
1.86e-03,1.00e+06,1.86e-03,1.64e-03,8.20e+05,-6.42e+00,13,4.57e+00,2.11e-01,7.69e-02,4.86e+00
1.81e-03,9.68e+05,1.81e-03,1.60e-03,7.83e+05,-6.44e+00,14,4.59e+00,2.09e-01,4.61e-02,4.84e+00
1.77e-03,9.35e+05,1.77e-03,1.59e-03,7.84e+05,-6.45e+00,15,4.61e+00,2.21e-01,7.22e-02,4.91e+00
1.75e-03,9.07e+05,1.75e-03,1.56e-03,7.69e+05,-6.46e+00,16,4.62e+00,2.19e-01,9.72e-02,4.93e+00
1.72e-03,8.80e+05,1.72e-03,1.55e-03,7.34e+05,-6.47e+00,17,4.64e+00,2.11e-01,4.03e-02,4.89e+00
1.70e-03,8.57e+05,1.70e-03,1.54e-03,7.29e+05,-6.48e+00,18,4.60e+00,2.21e-01,8.57e-02,4.91e+00
1.67e-03,8.31e+05,1.67e-03,1.52e-03,7.07e+05,-6.49e+00,19,4.61e+00,2.07e-01,6.87e-02,4.89e+00
1.65e-03,8.11e+05,1.65e-03,1.50e-03,6.95e+05,-6.50e+00,20,4.63e+00,2.19e-01,4.54e-02,4.89e+00
1.63e-03,7.80e+05,1.63e-03,1.49e-03,6.86e+05,-6.51e+00,21,4.64e+00,2.21e-01,6.51e-01,5.51e+00
1.60e-03,7.59e+05,1.60e-03,1.49e-03,6.99e+05,-6.51e+00,22,4.63e+00,2.26e-01,4.81e-02,4.90e+00
1.58e-03,7.37e+05,1.58e-03,1.48e-03,6.86e+05,-6.52e+00,23,4.63e+00,2.21e-01,2.66e-01,5.11e+00
1.57e-03,7.21e+05,1.57e-03,1.44e-03,6.73e+05,-6.55e+00,24,4.67e+00,2.21e-01,4.94e-02,4.94e+00
1.55e-03,6.99e+05,1.55e-03,1.42e-03,6.60e+05,-6.56e+00,25,4.64e+00,2.25e-01,4.91e-02,4.91e+00
1.53e-03,6.84e+05,1.53e-03,1.40e-03,6.59e+05,-6.57e+00,26,4.67e+00,2.13e-01,1.08e-01,4.99e+00
1.51e-03,6.60e+05,1.51e-03,1.37e-03,6.44e+05,-6.59e+00,27,4.75e+00,2.20e-01,4.82e-02,5.02e+00
1.49e-03,6.47e+05,1.49e-03,1.37e-03,6.48e+05,-6.60e+00,28,4.70e+00,2.32e-01,1.47e-01,5.08e+00
1.48e-03,6.36e+05,1.48e-03,1.36e-03,6.47e+05,-6.60e+00,29,4.83e+00,2.33e-01,9.38e-02,5.15e+00
1.46e-03,6.13e+05,1.46e-03,1.35e-03,6.44e+05,-6.61e+00,30,4.80e+00,2.31e-01,1.02e-01,5.14e+00
1.45e-03,6.06e+05,1.45e-03,1.33e-03,6.36e+05,-6.62e+00,31,4.82e+00,2.34e-01,4.83e-02,5.10e+00
1.43e-03,5.96e+05,1.43e-03,1.33e-03,6.08e+05,-6.62e+00,32,4.85e+00,2.39e-01,4.15e-02,5.13e+00
1.41e-03,5.74e+05,1.41e-03,1.32e-03,5.92e+05,-6.63e+00,33,4.89e+00,2.36e-01,4.07e-02,5.17e+00
1.39e-03,5.64e+05,1.39e-03,1.32e-03,5.71e+05,-6.63e+00,34,4.87e+00,2.26e-01,4.06e-02,5.14e+00
1.38e-03,5.52e+05,1.38e-03,1.32e-03,5.58e+05,-6.64e+00,35,4.75e+00,2.38e-01,4.95e-02,5.04e+00
1.38e-03,5.41e+05,1.38e-03,1.31e-03,5.16e+05,-6.64e+00,36,4.82e+00,2.24e-01,4.07e-02,5.09e+00
1.36e-03,5.22e+05,1.36e-03,1.31e-03,5.00e+05,-6.64e+00,37,4.76e+00,2.22e-01,4.03e-02,5.03e+00
1.35e-03,5.17e+05,1.35e-03,1.28e-03,4.67e+05,-6.66e+00,38,4.79e+00,2.24e-01,3.95e-02,5.05e+00
1.34e-03,5.04e+05,1.34e-03,1.27e-03,4.59e+05,-6.67e+00,39,4.78e+00,2.17e-01,4.79e-02,5.04e+00
1.33e-03,4.95e+05,1.33e-03,1.25e-03,4.41e+05,-6.69e+00,40,4.95e+00,2.26e-01,4.01e-02,5.22e+00
1.32e-03,4.88e+05,1.32e-03,1.25e-03,4.43e+05,-6.69e+00,41,4.73e+00,2.25e-01,4.03e-02,4.99e+00
1.31e-03,4.75e+05,1.31e-03,1.24e-03,4.29e+05,-6.70e+00,42,4.71e+00,2.22e-01,4.26e-02,4.98e+00
1.30e-03,4.67e+05,1.30e-03,1.25e-03,4.20e+05,-6.69e+00,43,4.71e+00,2.22e-01,3.36e-02,4.96e+00
1.29e-03,4.55e+05,1.29e-03,1.24e-03,4.15e+05,-6.70e+00,44,4.68e+00,2.17e-01,4.21e-02,4.94e+00
1.28e-03,4.46e+05,1.28e-03,1.22e-03,4.09e+05,-6.71e+00,45,4.71e+00,2.20e-01,4.77e-02,4.98e+00
1.27e-03,4.41e+05,1.27e-03,1.24e-03,4.05e+05,-6.70e+00,46,4.64e+00,2.12e-01,3.37e-02,4.89e+00
1.27e-03,4.33e+05,1.27e-03,1.24e-03,4.01e+05,-6.70e+00,47,4.50e+00,2.17e-01,9.47e-02,4.81e+00
1.26e-03,4.30e+05,1.26e-03,1.23e-03,4.03e+05,-6.71e+00,48,4.76e+00,2.16e-01,9.02e-02,5.07e+00
1.25e-03,4.24e+05,1.25e-03,1.22e-03,4.01e+05,-6.71e+00,49,4.53e+00,2.11e-01,6.52e-02,4.80e+00
1.25e-03,4.13e+05,1.25e-03,1.23e-03,3.99e+05,-6.70e+00,50,4.51e+00,2.15e-01,6.42e-02,4.79e+00
1.25e-03,4.10e+05,1.25e-03,1.24e-03,4.01e+05,-6.69e+00,51,4.52e+00,2.13e-01,3.29e-02,4.76e+00
1.25e-03,4.07e+05,1.25e-03,1.26e-03,4.07e+05,-6.68e+00,52,4.62e+00,2.11e-01,1.19e-01,4.95e+00
1.24e-03,4.06e+05,1.24e-03,1.24e-03,3.91e+05,-6.70e+00,53,4.51e+00,2.15e-01,6.71e-02,4.79e+00
1.23e-03,4.01e+05,1.23e-03,1.22e-03,3.76e+05,-6.72e+00,54,4.47e+00,2.07e-01,5.15e-02,4.73e+00
1.23e-03,3.97e+05,1.23e-03,1.22e-03,3.69e+05,-6.71e+00,55,4.46e+00,2.16e-01,6.01e-02,4.73e+00
1.23e-03,3.98e+05,1.23e-03,1.20e-03,3.76e+05,-6.73e+00,56,4.54e+00,2.17e-01,5.20e-02,4.81e+00
1.22e-03,3.91e+05,1.22e-03,1.20e-03,3.83e+05,-6.73e+00,57,4.54e+00,2.44e-01,3.97e-02,4.82e+00
1.22e-03,3.86e+05,1.22e-03,1.19e-03,3.72e+05,-6.74e+00,58,4.42e+00,2.14e-01,4.21e-02,4.68e+00
1.21e-03,3.77e+05,1.21e-03,1.22e-03,3.63e+05,-6.71e+00,59,6.40e+00,2.39e-01,1.95e-01,6.84e+00
1.19e-03,3.70e+05,1.19e-03,1.19e-03,3.57e+05,-6.74e+00,60,4.40e+00,2.09e-01,1.35e-01,4.75e+00
1.20e-03,3.71e+05,1.20e-03,1.17e-03,3.51e+05,-6.75e+00,61,4.34e+00,2.05e-01,1.01e-01,4.65e+00
1.18e-03,3.62e+05,1.18e-03,1.20e-03,3.41e+05,-6.73e+00,62,4.48e+00,2.05e-01,1.14e-01,4.79e+00
1.18e-03,3.62e+05,1.18e-03,1.16e-03,3.40e+05,-6.77e+00,63,4.48e+00,2.08e-01,5.33e-02,4.74e+00
1.17e-03,3.52e+05,1.17e-03,1.18e-03,3.29e+05,-6.75e+00,64,4.41e+00,2.07e-01,3.28e-02,4.65e+00
1.16e-03,3.51e+05,1.16e-03,1.14e-03,3.32e+05,-6.78e+00,65,4.30e+00,2.20e-01,5.26e-02,4.57e+00
1.16e-03,3.48e+05,1.16e-03,1.14e-03,3.18e+05,-6.78e+00,66,4.34e+00,2.05e-01,1.42e-01,4.68e+00
1.15e-03,3.44e+05,1.15e-03,1.14e-03,3.22e+05,-6.78e+00,67,4.34e+00,2.40e-01,4.80e-02,4.62e+00
1.15e-03,3.40e+05,1.15e-03,1.12e-03,3.15e+05,-6.80e+00,68,4.40e+00,2.07e-01,5.10e-02,4.66e+00
1.14e-03,3.35e+05,1.14e-03,1.13e-03,3.05e+05,-6.79e+00,69,4.31e+00,2.05e-01,4.59e-02,4.56e+00
1.13e-03,3.33e+05,1.13e-03,1.13e-03,3.07e+05,-6.79e+00,70,4.35e+00,2.10e-01,5.98e-02,4.62e+00
1.13e-03,3.33e+05,1.13e-03,1.12e-03,3.01e+05,-6.80e+00,71,4.43e+00,2.25e-01,4.61e-02,4.70e+00
1.13e-03,3.30e+05,1.13e-03,1.11e-03,2.98e+05,-6.81e+00,72,4.35e+00,2.06e-01,5.30e-02,4.61e+00
1.12e-03,3.24e+05,1.12e-03,1.11e-03,2.92e+05,-6.81e+00,73,4.31e+00,2.12e-01,5.01e-02,4.57e+00
1.12e-03,3.23e+05,1.12e-03,1.12e-03,2.93e+05,-6.80e+00,74,4.41e+00,2.06e-01,1.28e-01,4.75e+00
1.12e-03,3.23e+05,1.12e-03,1.11e-03,2.80e+05,-6.81e+00,75,4.45e+00,2.06e-01,5.13e-02,4.71e+00
1.12e-03,3.19e+05,1.12e-03,1.10e-03,2.97e+05,-6.82e+00,76,4.46e+00,2.05e-01,4.75e-02,4.72e+00
1.11e-03,3.15e+05,1.11e-03,1.11e-03,2.96e+05,-6.81e+00,77,4.39e+00,2.40e-01,3.32e-02,4.66e+00
1.11e-03,3.18e+05,1.11e-03,1.09e-03,2.95e+05,-6.82e+00,78,4.37e+00,2.15e-01,5.00e-02,4.63e+00
1.10e-03,3.13e+05,1.10e-03,1.09e-03,2.87e+05,-6.83e+00,79,4.37e+00,2.10e-01,5.18e-02,4.63e+00
1.10e-03,3.09e+05,1.10e-03,1.10e-03,2.97e+05,-6.82e+00,80,4.45e+00,2.05e-01,4.47e-02,4.70e+00
1.09e-03,3.04e+05,1.09e-03,1.09e-03,2.92e+05,-6.82e+00,81,4.50e+00,2.23e-01,4.28e-02,4.76e+00
1.08e-03,3.04e+05,1.08e-03,1.09e-03,2.82e+05,-6.83e+00,82,4.34e+00,2.13e-01,5.58e-02,4.61e+00
1.08e-03,2.98e+05,1.08e-03,1.09e-03,2.80e+05,-6.83e+00,83,4.39e+00,2.13e-01,4.60e-02,4.65e+00
1.08e-03,2.99e+05,1.08e-03,1.09e-03,2.84e+05,-6.82e+00,84,4.35e+00,2.06e-01,1.83e-01,4.74e+00
1.08e-03,2.95e+05,1.08e-03,1.08e-03,2.81e+05,-6.83e+00,85,4.39e+00,2.27e-01,5.48e-02,4.67e+00
1.07e-03,2.90e+05,1.07e-03,1.11e-03,2.77e+05,-6.81e+00,86,4.35e+00,2.15e-01,4.64e-02,4.61e+00
1.06e-03,2.88e+05,1.06e-03,1.09e-03,2.75e+05,-6.83e+00,87,4.51e+00,2.11e-01,9.46e-02,4.82e+00
1.06e-03,2.83e+05,1.06e-03,1.08e-03,2.76e+05,-6.84e+00,88,4.38e+00,2.12e-01,9.11e-02,4.68e+00
1.06e-03,2.87e+05,1.06e-03,1.06e-03,2.65e+05,-6.85e+00,89,4.32e+00,2.06e-01,5.09e-02,4.58e+00
1.05e-03,2.87e+05,1.05e-03,1.09e-03,2.61e+05,-6.83e+00,90,4.28e+00,2.06e-01,4.04e-02,4.53e+00
1.04e-03,2.82e+05,1.04e-03,1.12e-03,2.74e+05,-6.80e+00,91,4.29e+00,2.05e-01,4.61e-02,4.54e+00
1.04e-03,2.82e+05,1.04e-03,1.10e-03,2.68e+05,-6.82e+00,92,4.30e+00,2.06e-01,4.59e-02,4.55e+00
1.04e-03,2.79e+05,1.04e-03,1.09e-03,2.77e+05,-6.83e+00,93,4.32e+00,2.16e-01,4.41e-02,4.58e+00
1.04e-03,2.75e+05,1.04e-03,1.08e-03,2.75e+05,-6.84e+00,94,4.58e+00,2.19e-01,5.46e-02,4.85e+00
1.04e-03,2.79e+05,1.04e-03,1.08e-03,2.69e+05,-6.84e+00,95,4.66e+00,2.23e-01,4.19e-02,4.92e+00
1.05e-03,2.79e+05,1.05e-03,1.09e-03,2.84e+05,-6.83e+00,96,4.66e+00,2.21e-01,5.42e-02,4.93e+00
1.04e-03,2.74e+05,1.04e-03,1.07e-03,2.69e+05,-6.84e+00,97,4.62e+00,2.26e-01,6.05e-02,4.90e+00
1.03e-03,2.73e+05,1.03e-03,1.08e-03,2.68e+05,-6.84e+00,98,4.62e+00,2.14e-01,4.27e-02,4.88e+00
1.03e-03,2.73e+05,1.03e-03,1.08e-03,2.75e+05,-6.84e+00,99,4.62e+00,2.24e-01,4.58e-02,4.89e+00
1.04e-03,2.74e+05,1.04e-03,1.08e-03,2.83e+05,-6.83e+00,100,4.52e+00,2.05e-01,4.62e-02,4.78e+00
1.02e-03,2.65e+05,1.02e-03,1.09e-03,2.65e+05,-6.83e+00,101,4.29e+00,2.06e-01,8.09e-02,4.58e+00
1.02e-03,2.70e+05,1.02e-03,1.06e-03,2.60e+05,-6.85e+00,102,4.52e+00,2.13e-01,5.77e-02,4.80e+00
1.01e-03,2.65e+05,1.01e-03,1.07e-03,2.55e+05,-6.85e+00,103,4.51e+00,2.23e-01,4.08e-02,4.78e+00
1.02e-03,2.61e+05,1.02e-03,1.06e-03,2.50e+05,-6.85e+00,104,4.75e+00,2.25e-01,3.47e-02,5.01e+00
1.02e-03,2.63e+05,1.02e-03,1.07e-03,2.54e+05,-6.85e+00,105,4.76e+00,2.22e-01,7.66e-02,5.06e+00
1.02e-03,2.65e+05,1.02e-03,1.08e-03,2.65e+05,-6.84e+00,106,4.67e+00,2.15e-01,1.13e-01,5.00e+00
