train_mse_loss,train_inter_physics_loss,train_loss,valid_mse_loss,valid_inter_physics_loss,valid_loss,epoch,train_seconds,valid_seconds,checkpoint_seconds,total_seconds
2.06e-03,9.35e+05,2.15e-03,1.86e-03,8.52e+05,-6.30e+00,8,4.98e+00,2.37e-01,3.87e-02,5.26e+00
1.96e-03,8.25e+05,2.04e-03,1.84e-03,8.27e+05,-6.31e+00,9,4.99e+00,2.48e-01,4.45e-02,5.29e+00
1.86e-03,7.68e+05,1.94e-03,1.79e-03,7.30e+05,-6.33e+00,10,5.06e+00,2.37e-01,4.42e-02,5.34e+00
1.78e-03,7.32e+05,1.85e-03,1.69e-03,7.60e+05,-6.39e+00,11,4.99e+00,2.41e-01,4.60e-02,5.28e+00
1.72e-03,7.03e+05,1.79e-03,1.68e-03,7.34e+05,-6.39e+00,12,5.01e+00,2.41e-01,4.55e-02,5.29e+00
1.65e-03,6.66e+05,1.72e-03,1.61e-03,7.08e+05,-6.44e+00,13,5.01e+00,2.33e-01,4.32e-02,5.28e+00
1.60e-03,6.38e+05,1.66e-03,1.55e-03,6.45e+05,-6.47e+00,14,4.99e+00,2.37e-01,4.38e-02,5.27e+00
1.55e-03,6.12e+05,1.61e-03,1.55e-03,6.45e+05,-6.48e+00,15,5.00e+00,2.38e-01,4.46e-02,5.28e+00
1.51e-03,5.91e+05,1.57e-03,1.57e-03,6.22e+05,-6.46e+00,16,4.97e+00,2.37e-01,3.69e-02,5.24e+00
1.48e-03,5.66e+05,1.53e-03,1.59e-03,6.43e+05,-6.45e+00,17,4.98e+00,2.41e-01,3.62e-02,5.25e+00
1.45e-03,5.46e+05,1.50e-03,1.56e-03,6.14e+05,-6.47e+00,18,5.00e+00,2.37e-01,3.64e-02,5.27e+00
1.41e-03,5.23e+05,1.47e-03,1.53e-03,5.82e+05,-6.49e+00,19,5.06e+00,2.37e-01,5.24e-02,5.35e+00
1.39e-03,5.04e+05,1.44e-03,1.50e-03,5.72e+05,-6.51e+00,20,4.98e+00,2.45e-01,4.60e-02,5.27e+00
1.36e-03,4.84e+05,1.41e-03,1.44e-03,5.66e+05,-6.55e+00,21,4.95e+00,2.33e-01,4.37e-02,5.23e+00
1.34e-03,4.72e+05,1.38e-03,1.39e-03,5.21e+05,-6.58e+00,22,5.22e+00,2.48e-01,5.62e-02,5.52e+00
1.31e-03,4.59e+05,1.36e-03,1.37e-03,5.12e+05,-6.60e+00,23,4.99e+00,2.32e-01,4.42e-02,5.27e+00
1.29e-03,4.53e+05,1.34e-03,1.33e-03,4.74e+05,-6.63e+00,24,5.64e+00,2.47e-01,5.83e-02,5.94e+00
1.27e-03,4.32e+05,1.31e-03,1.32e-03,4.60e+05,-6.63e+00,25,5.05e+00,2.34e-01,4.45e-02,5.33e+00
1.26e-03,4.21e+05,1.30e-03,1.30e-03,4.47e+05,-6.65e+00,26,4.97e+00,2.40e-01,4.39e-02,5.26e+00
1.24e-03,4.14e+05,1.28e-03,1.29e-03,4.59e+05,-6.66e+00,27,4.97e+00,2.38e-01,4.36e-02,5.25e+00
1.23e-03,4.14e+05,1.27e-03,1.29e-03,4.46e+05,-6.66e+00,28,5.08e+00,2.36e-01,3.90e-02,5.35e+00
1.21e-03,4.01e+05,1.25e-03,1.27e-03,4.19e+05,-6.67e+00,29,4.97e+00,2.36e-01,4.37e-02,5.25e+00
1.20e-03,3.93e+05,1.24e-03,1.27e-03,4.23e+05,-6.67e+00,30,5.02e+00,2.45e-01,3.92e-02,5.31e+00
1.19e-03,3.86e+05,1.23e-03,1.26e-03,4.12e+05,-6.68e+00,31,5.00e+00,2.34e-01,4.53e-02,5.28e+00
1.17e-03,3.68e+05,1.21e-03,1.27e-03,4.30e+05,-6.67e+00,32,4.95e+00,2.34e-01,3.68e-02,5.23e+00
1.16e-03,3.63e+05,1.20e-03,1.28e-03,4.11e+05,-6.67e+00,33,4.96e+00,2.37e-01,3.61e-02,5.23e+00
1.15e-03,3.51e+05,1.19e-03,1.25e-03,4.00e+05,-6.68e+00,34,4.98e+00,2.38e-01,4.39e-02,5.26e+00
1.14e-03,3.47e+05,1.18e-03,1.24e-03,3.96e+05,-6.69e+00,35,4.97e+00,2.38e-01,4.44e-02,5.25e+00
1.13e-03,3.34e+05,1.16e-03,1.24e-03,3.78e+05,-6.70e+00,36,4.98e+00,2.36e-01,4.41e-02,5.26e+00
1.12e-03,3.25e+05,1.15e-03,1.23e-03,3.72e+05,-6.70e+00,37,5.00e+00,2.33e-01,4.42e-02,5.28e+00
1.11e-03,3.20e+05,1.14e-03,1.22e-03,3.60e+05,-6.71e+00,38,4.97e+00,2.39e-01,4.43e-02,5.26e+00
1.10e-03,3.13e+05,1.13e-03,1.20e-03,3.55e+05,-6.73e+00,39,4.98e+00,2.44e-01,4.38e-02,5.27e+00
1.09e-03,3.10e+05,1.12e-03,1.17e-03,3.46e+05,-6.76e+00,40,4.97e+00,2.41e-01,4.53e-02,5.26e+00
1.08e-03,3.02e+05,1.11e-03,1.17e-03,3.25e+05,-6.76e+00,41,4.98e+00,2.35e-01,4.84e-02,5.27e+00
1.08e-03,2.98e+05,1.11e-03,1.14e-03,3.24e+05,-6.78e+00,42,4.96e+00,2.31e-01,4.40e-02,5.23e+00
1.07e-03,2.95e+05,1.10e-03,1.13e-03,3.13e+05,-6.79e+00,43,4.97e+00,2.38e-01,4.43e-02,5.25e+00
1.06e-03,2.86e+05,1.09e-03,1.11e-03,3.12e+05,-6.81e+00,44,4.97e+00,2.36e-01,4.44e-02,5.25e+00
1.06e-03,2.86e+05,1.08e-03,1.09e-03,2.98e+05,-6.83e+00,45,4.98e+00,2.43e-01,4.44e-02,5.26e+00
1.05e-03,2.81e+05,1.08e-03,1.07e-03,2.97e+05,-6.84e+00,46,4.97e+00,2.35e-01,4.42e-02,5.24e+00
1.04e-03,2.78e+05,1.07e-03,1.06e-03,2.96e+05,-6.85e+00,47,4.95e+00,2.35e-01,4.40e-02,5.23e+00
1.03e-03,2.70e+05,1.06e-03,1.05e-03,2.79e+05,-6.86e+00,48,4.99e+00,2.36e-01,4.51e-02,5.27e+00
1.03e-03,2.67e+05,1.05e-03,1.06e-03,2.77e+05,-6.86e+00,49,4.99e+00,2.35e-01,3.59e-02,5.26e+00
1.03e-03,2.66e+05,1.05e-03,1.04e-03,2.83e+05,-6.87e+00,50,4.95e+00,2.36e-01,4.44e-02,5.23e+00
1.02e-03,2.61e+05,1.04e-03,1.04e-03,2.76e+05,-6.87e+00,51,4.97e+00,2.36e-01,4.69e-02,5.26e+00
1.01e-03,2.57e+05,1.04e-03,1.03e-03,2.73e+05,-6.88e+00,52,4.96e+00,2.33e-01,4.35e-02,5.24e+00
1.01e-03,2.54e+05,1.03e-03,1.03e-03,2.73e+05,-6.89e+00,53,4.98e+00,2.38e-01,4.47e-02,5.27e+00
9.99e-04,2.50e+05,1.02e-03,1.01e-03,2.60e+05,-6.90e+00,54,4.97e+00,2.41e-01,4.97e-02,5.26e+00
9.96e-04,2.50e+05,1.02e-03,1.01e-03,2.59e+05,-6.90e+00,55,4.98e+00,2.34e-01,4.34e-02,5.25e+00
9.89e-04,2.45e+05,1.01e-03,1.00e-03,2.51e+05,-6.91e+00,56,4.99e+00,2.34e-01,4.32e-02,5.27e+00
9.84e-04,2.41e+05,1.01e-03,1.00e-03,2.49e+05,-6.91e+00,57,4.98e+00,2.33e-01,3.54e-02,5.25e+00
9.80e-04,2.40e+05,1.00e-03,9.98e-04,2.50e+05,-6.91e+00,58,4.96e+00,2.35e-01,4.73e-02,5.24e+00
9.77e-04,2.37e+05,1.00e-03,9.86e-04,2.51e+05,-6.93e+00,59,4.97e+00,2.37e-01,4.43e-02,5.25e+00
9.70e-04,2.33e+05,9.93e-04,9.77e-04,2.45e+05,-6.94e+00,60,4.98e+00,2.32e-01,4.37e-02,5.26e+00
9.66e-04,2.29e+05,9.89e-04,9.78e-04,2.44e+05,-6.93e+00,61,4.99e+00,2.45e-01,3.63e-02,5.27e+00
9.61e-04,2.30e+05,9.84e-04,9.69e-04,2.38e+05,-6.94e+00,62,5.00e+00,2.36e-01,4.30e-02,5.28e+00
9.57e-04,2.26e+05,9.79e-04,9.62e-04,2.30e+05,-6.95e+00,63,4.96e+00,2.32e-01,4.30e-02,5.23e+00
9.50e-04,2.23e+05,9.73e-04,9.57e-04,2.32e+05,-6.96e+00,64,5.00e+00,2.42e-01,4.45e-02,5.28e+00
9.47e-04,2.20e+05,9.69e-04,9.50e-04,2.23e+05,-6.96e+00,65,5.07e+00,2.40e-01,4.41e-02,5.35e+00
9.44e-04,2.18e+05,9.65e-04,9.50e-04,2.18e+05,-6.96e+00,66,4.98e+00,2.49e-01,5.01e-02,5.28e+00
9.42e-04,2.15e+05,9.63e-04,9.42e-04,2.21e+05,-6.97e+00,67,5.07e+00,2.37e-01,4.30e-02,5.34e+00
9.37e-04,2.15e+05,9.59e-04,9.39e-04,2.17e+05,-6.97e+00,68,5.87e+00,2.35e-01,4.80e-02,6.15e+00
9.37e-04,2.12e+05,9.58e-04,9.35e-04,2.08e+05,-6.98e+00,69,4.99e+00,2.35e-01,4.43e-02,5.27e+00
9.32e-04,2.10e+05,9.53e-04,9.30e-04,2.05e+05,-6.98e+00,70,4.96e+00,2.33e-01,4.90e-02,5.25e+00
9.28e-04,2.09e+05,9.49e-04,9.32e-04,2.05e+05,-6.98e+00,71,4.95e+00,2.39e-01,3.53e-02,5.23e+00
9.26e-04,2.08e+05,9.47e-04,9.27e-04,1.98e+05,-6.99e+00,72,4.96e+00,2.38e-01,4.33e-02,5.24e+00
9.23e-04,2.07e+05,9.44e-04,9.25e-04,2.02e+05,-6.99e+00,73,4.97e+00,2.33e-01,4.33e-02,5.24e+00
9.18e-04,2.03e+05,9.38e-04,9.26e-04,1.95e+05,-6.99e+00,74,4.96e+00,2.41e-01,3.62e-02,5.24e+00
9.14e-04,2.03e+05,9.34e-04,9.34e-04,1.95e+05,-6.98e+00,75,4.97e+00,2.37e-01,3.56e-02,5.24e+00
9.11e-04,2.00e+05,9.31e-04,9.28e-04,2.00e+05,-6.99e+00,76,4.95e+00,2.27e-01,3.65e-02,5.21e+00
9.06e-04,1.99e+05,9.26e-04,9.31e-04,1.92e+05,-6.98e+00,77,4.98e+00,2.44e-01,4.10e-02,5.26e+00
9.02e-04,1.96e+05,9.21e-04,9.24e-04,1.92e+05,-6.99e+00,78,4.95e+00,2.36e-01,4.38e-02,5.23e+00
8.99e-04,1.94e+05,9.19e-04,9.26e-04,1.97e+05,-6.99e+00,79,4.96e+00,2.34e-01,3.55e-02,5.23e+00
8.97e-04,1.94e+05,9.17e-04,9.25e-04,1.95e+05,-6.99e+00,80,4.99e+00,2.36e-01,4.01e-02,5.27e+00
8.94e-04,1.93e+05,9.13e-04,9.22e-04,1.93e+05,-6.99e+00,81,4.98e+00,2.32e-01,4.55e-02,5.26e+00
8.91e-04,1.90e+05,9.10e-04,9.26e-04,1.86e+05,-6.99e+00,82,4.96e+00,2.40e-01,3.56e-02,5.23e+00
8.89e-04,1.88e+05,9.07e-04,9.18e-04,1.90e+05,-7.00e+00,83,4.97e+00,2.33e-01,4.36e-02,5.25e+00
8.85e-04,1.87e+05,9.03e-04,9.10e-04,1.88e+05,-7.01e+00,84,4.96e+00,2.31e-01,4.34e-02,5.24e+00
8.81e-04,1.82e+05,8.99e-04,9.12e-04,1.90e+05,-7.00e+00,85,4.98e+00,2.35e-01,3.59e-02,5.25e+00
8.79e-04,1.83e+05,8.98e-04,9.14e-04,1.87e+05,-7.00e+00,86,4.98e+00,2.35e-01,3.54e-02,5.25e+00
8.77e-04,1.84e+05,8.96e-04,9.11e-04,1.85e+05,-7.00e+00,87,4.97e+00,2.39e-01,3.87e-02,5.25e+00
8.75e-04,1.81e+05,8.93e-04,9.00e-04,1.85e+05,-7.02e+00,88,4.98e+00,2.38e-01,4.28e-02,5.26e+00
8.72e-04,1.81e+05,8.90e-04,9.06e-04,1.85e+05,-7.01e+00,89,4.97e+00,2.29e-01,3.57e-02,5.23e+00
8.72e-04,1.79e+05,8.89e-04,9.12e-04,1.90e+05,-7.00e+00,90,4.98e+00,2.36e-01,3.66e-02,5.25e+00
8.71e-04,1.78e+05,8.88e-04,9.04e-04,1.81e+05,-7.01e+00,91,4.99e+00,2.34e-01,3.56e-02,5.26e+00
8.67e-04,1.77e+05,8.85e-04,9.02e-04,1.74e+05,-7.01e+00,92,4.97e+00,2.36e-01,3.57e-02,5.24e+00
8.65e-04,1.75e+05,8.83e-04,9.05e-04,1.80e+05,-7.01e+00,93,4.97e+00,2.36e-01,3.65e-02,5.24e+00
8.66e-04,1.75e+05,8.83e-04,9.03e-04,1.78e+05,-7.01e+00,94,5.00e+00,2.35e-01,3.65e-02,5.27e+00
8.63e-04,1.75e+05,8.80e-04,8.95e-04,1.78e+05,-7.02e+00,95,4.98e+00,2.33e-01,4.34e-02,5.26e+00
8.60e-04,1.74e+05,8.77e-04,8.93e-04,1.77e+05,-7.02e+00,96,4.98e+00,2.39e-01,4.49e-02,5.27e+00
8.57e-04,1.71e+05,8.75e-04,8.86e-04,1.76e+05,-7.03e+00,97,4.99e+00,2.41e-01,4.36e-02,5.28e+00
8.55e-04,1.71e+05,8.72e-04,8.86e-04,1.78e+05,-7.03e+00,98,4.99e+00,2.36e-01,3.58e-02,5.26e+00
8.53e-04,1.70e+05,8.70e-04,8.84e-04,1.76e+05,-7.03e+00,99,4.99e+00,2.36e-01,4.29e-02,5.27e+00
8.51e-04,1.68e+05,8.68e-04,8.85e-04,1.80e+05,-7.03e+00,100,4.99e+00,2.38e-01,3.78e-02,5.27e+00
8.48e-04,1.67e+05,8.65e-04,8.87e-04,1.75e+05,-7.03e+00,101,4.98e+00,2.35e-01,3.90e-02,5.26e+00
8.46e-04,1.67e+05,8.63e-04,8.84e-04,1.77e+05,-7.03e+00,102,4.98e+00,2.33e-01,3.93e-02,5.26e+00
8.44e-04,1.66e+05,8.61e-04,8.84e-04,1.72e+05,-7.03e+00,103,4.98e+00,2.39e-01,3.53e-02,5.25e+00
8.42e-04,1.64e+05,8.58e-04,8.84e-04,1.68e+05,-7.03e+00,104,4.97e+00,2.39e-01,3.54e-02,5.24e+00
8.39e-04,1.63e+05,8.55e-04,8.87e-04,1.73e+05,-7.03e+00,105,5.06e+00,2.35e-01,3.89e-02,5.34e+00
8.38e-04,1.63e+05,8.54e-04,8.82e-04,1.69e+05,-7.04e+00,106,4.99e+00,2.34e-01,4.26e-02,5.27e+00
8.35e-04,1.61e+05,8.51e-04,8.86e-04,1.68e+05,-7.03e+00,107,4.97e+00,2.37e-01,3.62e-02,5.25e+00
8.32e-04,1.60e+05,8.48e-04,8.88e-04,1.71e+05,-7.03e+00,108,4.98e+00,2.42e-01,3.58e-02,5.25e+00
8.29e-04,1.58e+05,8.45e-04,8.80e-04,1.69e+05,-7.04e+00,109,4.97e+00,2.39e-01,4.32e-02,5.25e+00
8.27e-04,1.59e+05,8.42e-04,8.87e-04,1.66e+05,-7.03e+00,110,4.96e+00,2.37e-01,3.66e-02,5.23e+00
8.25e-04,1.58e+05,8.41e-04,8.84e-04,1.69e+05,-7.03e+00,111,4.98e+00,2.34e-01,3.56e-02,5.25e+00
8.22e-04,1.57e+05,8.38e-04,8.83e-04,1.65e+05,-7.04e+00,112,4.96e+00,2.43e-01,3.87e-02,5.24e+00
8.21e-04,1.55e+05,8.37e-04,8.83e-04,1.68e+05,-7.03e+00,113,5.38e+00,2.38e-01,1.14e-01,5.73e+00
8.19e-04,1.55e+05,8.35e-04,8.78e-04,1.64e+05,-7.04e+00,114,5.50e+00,2.47e-01,7.65e-02,5.82e+00
8.18e-04,1.55e+05,8.34e-04,8.79e-04,1.62e+05,-7.04e+00,115,4.95e+00,2.38e-01,3.55e-02,5.23e+00
8.16e-04,1.54e+05,8.31e-04,8.78e-04,1.61e+05,-7.04e+00,116,4.96e+00,2.33e-01,3.58e-02,5.23e+00
8.14e-04,1.54e+05,8.30e-04,8.70e-04,1.62e+05,-7.05e+00,117,4.99e+00,2.37e-01,4.32e-02,5.27e+00
8.15e-04,1.53e+05,8.30e-04,8.79e-04,1.59e+05,-7.04e+00,118,4.97e+00,2.37e-01,3.52e-02,5.24e+00
8.13e-04,1.52e+05,8.28e-04,8.66e-04,1.62e+05,-7.05e+00,119,4.96e+00,2.36e-01,4.35e-02,5.24e+00
8.11e-04,1.51e+05,8.26e-04,8.63e-04,1.56e+05,-7.06e+00,120,4.98e+00,2.29e-01,5.16e-02,5.26e+00
8.09e-04,1.52e+05,8.24e-04,8.61e-04,1.53e+05,-7.06e+00,121,4.97e+00,2.36e-01,4.37e-02,5.25e+00
8.08e-04,1.51e+05,8.23e-04,8.68e-04,1.54e+05,-7.05e+00,122,4.99e+00,2.36e-01,3.58e-02,5.26e+00
8.06e-04,1.51e+05,8.21e-04,8.65e-04,1.52e+05,-7.06e+00,123,4.97e+00,2.38e-01,3.55e-02,5.24e+00
8.04e-04,1.50e+05,8.19e-04,8.62e-04,1.51e+05,-7.06e+00,124,4.97e+00,2.40e-01,3.57e-02,5.25e+00
8.03e-04,1.50e+05,8.18e-04,8.62e-04,1.52e+05,-7.06e+00,125,4.97e+00,2.41e-01,3.56e-02,5.25e+00
8.00e-04,1.49e+05,8.15e-04,8.63e-04,1.51e+05,-7.06e+00,126,4.96e+00,2.33e-01,3.54e-02,5.22e+00
8.01e-04,1.49e+05,8.16e-04,8.64e-04,1.56e+05,-7.06e+00,127,4.95e+00,2.32e-01,3.57e-02,5.22e+00
7.99e-04,1.47e+05,8.14e-04,8.73e-04,1.56e+05,-7.05e+00,128,4.96e+00,2.39e-01,3.62e-02,5.23e+00
8.00e-04,1.49e+05,8.15e-04,8.68e-04,1.56e+05,-7.05e+00,129,4.95e+00,2.30e-01,3.50e-02,5.22e+00
7.97e-04,1.46e+05,8.11e-04,8.71e-04,1.50e+05,-7.05e+00,130,4.93e+00,2.39e-01,3.61e-02,5.20e+00
7.97e-04,1.48e+05,8.12e-04,8.70e-04,1.54e+05,-7.05e+00,131,4.93e+00,2.42e-01,3.78e-02,5.21e+00
7.95e-04,1.46e+05,8.10e-04,8.73e-04,1.50e+05,-7.05e+00,132,5.04e+00,2.32e-01,4.11e-02,5.32e+00
